1 0.5299479166666666 0.1787037037037037 0.022395833333333334 0.1
1 0.51015625 0.25601851851851853 0.0171875 0.07685185185185185
1 0.6302083333333334 0.25787037037037036 0.016666666666666666 0.08055555555555556
1 0.6486979166666667 0.33796296296296297 0.019270833333333334 0.06666666666666667
1 0.5520833333333334 0.337037037037037 0.019791666666666666 0.07222222222222222
1 0.453125 0.337037037037037 0.019791666666666666 0.06666666666666667
1 0.3296875 0.4305555555555556 0.021875 0.08888888888888889
1 0.39375 0.4324074074074074 0.021875 0.08333333333333333
1 0.4596354166666667 0.4310185185185185 0.0203125 0.08611111111111111
1 0.525 0.43194444444444446 0.01875 0.08425925925925926
1 0.5908854166666667 0.4324074074074074 0.0171875 0.08333333333333333
1 0.37604166666666666 0.5263888888888889 0.023958333333333335 0.09166666666666666
1 0.4434895833333333 0.5259259259259259 0.021354166666666667 0.09074074074074075
1 0.509375 0.5273148148148148 0.019791666666666666 0.08981481481481482
1 0.5770833333333333 0.5296296296296297 0.016666666666666666 0.09074074074074075
0 0.5950520833333334 0.5722222222222222 0.019270833333333334 0.03518518518518519
1 0.6442708333333333 0.5305555555555556 0.016666666666666666 0.09074074074074075
1 0.6518229166666667 0.6347222222222222 0.021354166666666667 0.11944444444444445
1 0.54765625 0.6333333333333333 0.018229166666666668 0.11851851851851852
1 0.44166666666666665 0.6356481481481482 0.01875 0.1175925925925926
1 0.37395833333333334 0.7379629629629629 0.023958333333333335 0.11851851851851852
1 0.5111979166666667 0.7384259259259259 0.0171875 0.1175925925925926
