1 0.525 0.17777777777777778 0.017708333333333333 0.1
1 0.5096354166666667 0.2537037037037037 0.0171875 0.07407407407407407
1 0.6302083333333334 0.2550925925925926 0.017708333333333333 0.0712962962962963
0 0.64296875 0.3712962962962963 0.0203125 0.044444444444444446
1 0.5966145833333333 0.43657407407407406 0.0203125 0.11018518518518519
1 0.53125 0.4375 0.020833333333333332 0.11203703703703703
1 0.46588541666666666 0.43472222222222223 0.018229166666666668 0.10833333333333334
1 0.40130208333333334 0.4351851851851852 0.019270833333333334 0.10740740740740741
1 0.33619791666666665 0.4324074074074074 0.0171875 0.10740740740740741
1 0.36328125 0.5305555555555556 0.0171875 0.11481481481481481
1 0.4296875 0.5324074074074074 0.014583333333333334 0.1111111111111111
1 0.4979166666666667 0.5328703703703703 0.020833333333333332 0.11574074074074074
1 0.5651041666666666 0.5342592592592592 0.023958333333333335 0.11481481481481481
1 0.63203125 0.5333333333333333 0.019270833333333334 0.11481481481481481
1 0.6494791666666667 0.6375 0.019791666666666666 0.125
1 0.54296875 0.6337962962962963 0.0203125 0.12129629629629629
1 0.43802083333333336 0.6314814814814815 0.01875 0.12222222222222222
1 0.37473958333333335 0.7375 0.021354166666666667 0.12129629629629629
1 0.5122395833333333 0.7388888888888889 0.022395833333333334 0.11851851851851852
