1 0.5231770833333333 0.1787037037037037 0.018229166666666668 0.1037037037037037
1 0.4864583333333333 0.25462962962962965 0.017708333333333333 0.09259259259259259
1 0.6075520833333333 0.2657407407407407 0.021354166666666667 0.1111111111111111
1 0.5924479166666666 0.34629629629629627 0.021354166666666667 0.1037037037037037
0 0.571875 0.39814814814814814 0.020833333333333332 0.037037037037037035
1 0.3971354166666667 0.3439814814814815 0.018229166666666668 0.10833333333333334
1 0.38984375 0.4212962962962963 0.021354166666666667 0.05
1 0.4552083333333333 0.42314814814814816 0.021875 0.06111111111111111
1 0.5200520833333333 0.4217592592592593 0.019270833333333334 0.05648148148148148
1 0.5861979166666667 0.425462962962963 0.022395833333333334 0.05462962962962963
1 0.64921875 0.42685185185185187 0.019270833333333334 0.05555555555555555
1 0.6135416666666667 0.5351851851851852 0.01875 0.1111111111111111
1 0.5463541666666667 0.5305555555555556 0.017708333333333333 0.10740740740740741
1 0.4796875 0.5319444444444444 0.020833333333333332 0.11203703703703703
1 0.4125 0.5314814814814814 0.020833333333333332 0.11296296296296296
1 0.3450520833333333 0.5310185185185186 0.019270833333333334 0.10833333333333334
1 0.44088541666666664 0.6328703703703704 0.0171875 0.11944444444444445
1 0.5471354166666667 0.6356481481481482 0.019270833333333334 0.1175925925925926
1 0.65234375 0.6375 0.0203125 0.1175925925925926
1 0.5059895833333333 0.7208333333333333 0.018229166666666668 0.04722222222222222
1 0.37109375 0.7199074074074074 0.021354166666666667 0.06018518518518518
