1 0.5026041666666666 0.17916666666666667 0.025 0.10462962962962963
1 0.47604166666666664 0.25833333333333336 0.020833333333333332 0.10925925925925926
1 0.5940104166666667 0.262037037037037 0.022395833333333334 0.11666666666666667
1 0.3375 0.3472222222222222 0.019791666666666666 0.10925925925925926
1 0.43385416666666665 0.3449074074074074 0.017708333333333333 0.10833333333333334
1 0.53203125 0.3472222222222222 0.019270833333333334 0.10740740740740741
0 0.44947916666666665 0.39444444444444443 0.019791666666666666 0.03518518518518519
1 0.38828125 0.41944444444444445 0.021354166666666667 0.07037037037037037
1 0.45364583333333336 0.4199074074074074 0.01875 0.06944444444444445
1 0.5190104166666667 0.4212962962962963 0.0171875 0.06481481481481481
1 0.5848958333333333 0.42314814814814816 0.01875 0.06481481481481481
1 0.6497395833333334 0.42407407407407405 0.018229166666666668 0.06851851851851852
1 0.32005208333333335 0.5300925925925926 0.0203125 0.11018518518518519
1 0.38619791666666664 0.5310185185185186 0.018229166666666668 0.11203703703703703
1 0.45260416666666664 0.5328703703703703 0.017708333333333333 0.11203703703703703
1 0.5205729166666667 0.5333333333333333 0.019270833333333334 0.11481481481481481
1 0.5875 0.5342592592592592 0.019791666666666666 0.11481481481481481
1 0.44192708333333336 0.6328703703703704 0.018229166666666668 0.11574074074074074
1 0.5471354166666667 0.6356481481481482 0.019270833333333334 0.1175925925925926
1 0.6528645833333333 0.6361111111111111 0.018229166666666668 0.12222222222222222
1 0.33984375 0.7212962962962963 0.022395833333333334 0.06296296296296296
1 0.47604166666666664 0.7236111111111111 0.019791666666666666 0.06388888888888888
1 0.42682291666666666 0.8296296296296296 0.0234375 0.03888888888888889
