1 0.5263020833333333 0.1787037037037037 0.0203125 0.10555555555555556
1 0.46067708333333335 0.2537037037037037 0.019270833333333334 0.08518518518518518
1 0.57890625 0.2564814814814815 0.019270833333333334 0.08703703703703704
1 0.54453125 0.3476851851851852 0.016145833333333335 0.11203703703703703
1 0.44869791666666664 0.34444444444444444 0.016145833333333335 0.10925925925925926
1 0.35104166666666664 0.34675925925925927 0.01875 0.11203703703703703
1 0.45260416666666664 0.41944444444444445 0.020833333333333332 0.07407407407407407
1 0.3880208333333333 0.41898148148148145 0.019791666666666666 0.07314814814814814
1 0.5192708333333333 0.41944444444444445 0.017708333333333333 0.07407407407407407
1 0.5848958333333333 0.42083333333333334 0.017708333333333333 0.07314814814814814
1 0.6502604166666667 0.4212962962962963 0.018229166666666668 0.07407407407407407
1 0.32083333333333336 0.5305555555555556 0.019791666666666666 0.11296296296296296
1 0.38619791666666664 0.5305555555555556 0.019270833333333334 0.1111111111111111
1 0.45338541666666665 0.5319444444444444 0.0171875 0.11203703703703703
1 0.5203125 0.5347222222222222 0.01875 0.11203703703703703
1 0.58671875 0.5347222222222222 0.016145833333333335 0.11018518518518519
1 0.4421875 0.6347222222222222 0.01875 0.1175925925925926
1 0.5463541666666667 0.6361111111111111 0.017708333333333333 0.11851851851851852
1 0.6520833333333333 0.6361111111111111 0.01875 0.11666666666666667
1 0.4859375 0.725925925925926 0.01875 0.06111111111111111
1 0.3515625 0.7194444444444444 0.023958333333333335 0.06481481481481481
1 0.43671875 0.8333333333333334 0.0234375 0.037037037037037035
