1 0.48411458333333335 0.17824074074074073 0.015104166666666667 0.09907407407407408
1 0.4627604166666667 0.25092592592592594 0.018229166666666668 0.06296296296296296
1 0.5825520833333333 0.2513888888888889 0.0171875 0.062037037037037036
1 0.5283854166666667 0.3435185185185185 0.0171875 0.08518518518518518
1 0.43072916666666666 0.34120370370370373 0.01875 0.08796296296296297
0 0.44817708333333334 0.38981481481481484 0.016145833333333335 0.02962962962962963
1 0.334375 0.34074074074074073 0.019791666666666666 0.08518518518518518
1 0.3888020833333333 0.41574074074074074 0.0140625 0.07962962962962963
1 0.45338541666666665 0.4166666666666667 0.016145833333333335 0.07962962962962963
1 0.51875 0.4166666666666667 0.016666666666666666 0.08333333333333333
1 0.5833333333333334 0.4185185185185185 0.019791666666666666 0.08518518518518518
1 0.6489583333333333 0.41898148148148145 0.01875 0.08055555555555556
1 0.32057291666666665 0.5254629629629629 0.021354166666666667 0.09907407407407408
1 0.38697916666666665 0.5282407407407408 0.021875 0.10092592592592593
1 0.45364583333333336 0.5291666666666667 0.020833333333333332 0.10462962962962963
1 0.52109375 0.5324074074074074 0.019270833333333334 0.1037037037037037
1 0.5869791666666667 0.5314814814814814 0.017708333333333333 0.09814814814814815
1 0.6526041666666667 0.6361111111111111 0.01875 0.11851851851851852
1 0.5466145833333333 0.6342592592592593 0.018229166666666668 0.12222222222222222
1 0.44114583333333335 0.6351851851851852 0.016666666666666666 0.12037037037037036
1 0.35 0.7185185185185186 0.022916666666666665 0.06296296296296296
1 0.48776041666666664 0.7212962962962963 0.0203125 0.06481481481481481
1 0.4356770833333333 0.8291666666666667 0.022395833333333334 0.04351851851851852
