1 0.49244791666666665 0.1787037037037037 0.027604166666666666 0.1037037037037037
1 0.5080729166666667 0.2601851851851852 0.0140625 0.1
1 0.62890625 0.25925925925925924 0.018229166666666668 0.1037037037037037
1 0.5419270833333333 0.3416666666666667 0.0203125 0.08333333333333333
1 0.4432291666666667 0.3421296296296296 0.017708333333333333 0.09166666666666666
1 0.34765625 0.34074074074074073 0.021354166666666667 0.08888888888888889
1 0.3893229166666667 0.41574074074074074 0.016145833333333335 0.08148148148148149
1 0.453125 0.41712962962962963 0.016666666666666666 0.0787037037037037
1 0.5192708333333333 0.4185185185185185 0.017708333333333333 0.08148148148148149
1 0.5848958333333333 0.4185185185185185 0.017708333333333333 0.08333333333333333
1 0.65 0.4203703703703704 0.019791666666666666 0.08333333333333333
1 0.32005208333333335 0.5277777777777778 0.021354166666666667 0.09814814814814815
1 0.3859375 0.5277777777777778 0.019791666666666666 0.1
1 0.45364583333333336 0.5282407407407408 0.019791666666666666 0.09722222222222222
1 0.5213541666666667 0.5300925925925926 0.019791666666666666 0.09907407407407408
1 0.5864583333333333 0.5314814814814814 0.015625 0.09814814814814815
1 0.44244791666666666 0.6324074074074074 0.018229166666666668 0.12037037037037036
1 0.54765625 0.6361111111111111 0.0171875 0.12037037037037036
1 0.6528645833333333 0.6361111111111111 0.018229166666666668 0.12222222222222222
1 0.4864583333333333 0.7226851851851852 0.017708333333333333 0.062037037037037036
1 0.35052083333333334 0.7217592592592592 0.020833333333333332 0.06574074074074074
1 0.43645833333333334 0.8310185185185185 0.022916666666666665 0.04722222222222222
