1 0.47890625 0.17916666666666667 0.016145833333333335 0.10462962962962963
1 0.45729166666666665 0.2550925925925926 0.016666666666666666 0.08611111111111111
1 0.57734375 0.25601851851851853 0.0171875 0.0824074074074074
1 0.34765625 0.3402777777777778 0.0203125 0.08981481481481482
1 0.4432291666666667 0.34305555555555556 0.014583333333333334 0.08796296296296297
1 0.5401041666666667 0.3421296296296296 0.016666666666666666 0.08981481481481482
1 0.3890625 0.4166666666666667 0.019791666666666666 0.07777777777777778
1 0.4546875 0.41759259259259257 0.015625 0.07592592592592592
1 0.5190104166666667 0.4185185185185185 0.018229166666666668 0.07592592592592592
1 0.5848958333333333 0.4185185185185185 0.019791666666666666 0.08518518518518518
1 0.6502604166666667 0.41944444444444445 0.0203125 0.08148148148148149
1 0.31953125 0.5300925925925926 0.018229166666666668 0.11018518518518519
1 0.38619791666666664 0.5319444444444444 0.019270833333333334 0.11203703703703703
1 0.45364583333333336 0.5324074074074074 0.017708333333333333 0.11296296296296296
1 0.5213541666666667 0.5337962962962963 0.020833333333333332 0.11388888888888889
1 0.5869791666666667 0.5319444444444444 0.01875 0.11203703703703703
1 0.5442708333333334 0.6356481481481482 0.021875 0.12314814814814815
1 0.6518229166666667 0.6365740740740741 0.018229166666666668 0.1175925925925926
1 0.4427083333333333 0.6324074074074074 0.017708333333333333 0.11666666666666667
1 0.484375 0.7240740740740741 0.01875 0.06296296296296296
1 0.3497395833333333 0.7199074074074074 0.0203125 0.06388888888888888
1 0.43645833333333334 0.8300925925925926 0.021875 0.04722222222222222
