1 0.47708333333333336 0.17777777777777778 0.01875 0.10185185185185185
1 0.4479166666666667 0.2574074074074074 0.01875 0.09259259259259259
1 0.5666666666666667 0.25833333333333336 0.016666666666666666 0.09074074074074075
1 0.5401041666666667 0.3421296296296296 0.01875 0.09166666666666666
1 0.44453125 0.3425925925925926 0.019270833333333334 0.09074074074074075
1 0.34713541666666664 0.3388888888888889 0.0234375 0.08888888888888889
1 0.3888020833333333 0.41944444444444445 0.018229166666666668 0.040740740740740744
1 0.45286458333333335 0.4212962962962963 0.0203125 0.027777777777777776
1 0.5184895833333333 0.42314814814814816 0.015104166666666667 0.040740740740740744
1 0.58359375 0.4236111111111111 0.015104166666666667 0.03796296296296296
1 0.65 0.4263888888888889 0.01875 0.03796296296296296
1 0.31953125 0.5310185185185186 0.022395833333333334 0.11203703703703703
1 0.38619791666666664 0.5305555555555556 0.018229166666666668 0.11481481481481481
1 0.4544270833333333 0.5347222222222222 0.022395833333333334 0.11018518518518519
1 0.5216145833333333 0.5314814814814814 0.019270833333333334 0.1111111111111111
1 0.5877604166666667 0.5342592592592592 0.021354166666666667 0.11481481481481481
1 0.44088541666666664 0.6324074074074074 0.018229166666666668 0.11481481481481481
1 0.5489583333333333 0.6356481481481482 0.020833333333333332 0.1175925925925926
1 0.6526041666666667 0.6351851851851852 0.017708333333333333 0.12037037037037036
1 0.48671875 0.7226851851851852 0.016145833333333335 0.06574074074074074
1 0.3497395833333333 0.7189814814814814 0.0203125 0.06759259259259259
1 0.43645833333333334 0.8296296296296296 0.023958333333333335 0.040740740740740744
