1 0.4786458333333333 0.18009259259259258 0.01875 0.10092592592592593
1 0.4479166666666667 0.2550925925925926 0.01875 0.09351851851851851
1 0.56796875 0.25833333333333336 0.0234375 0.09259259259259259
1 0.3458333333333333 0.3425925925925926 0.017708333333333333 0.08703703703703704
1 0.4434895833333333 0.3416666666666667 0.0171875 0.08888888888888889
1 0.540625 0.3425925925925926 0.020833333333333332 0.09074074074074075
1 0.3572916666666667 0.4222222222222222 0.020833333333333332 0.040740740740740744
1 0.42161458333333335 0.4212962962962963 0.018229166666666668 0.040740740740740744
1 0.48541666666666666 0.42407407407407405 0.017708333333333333 0.03888888888888889
1 0.5515625 0.4263888888888889 0.019791666666666666 0.041666666666666664
1 0.6184895833333334 0.42453703703703705 0.0171875 0.05092592592592592
1 0.58671875 0.5310185185185186 0.018229166666666668 0.10462962962962963
1 0.52109375 0.5296296296296297 0.021354166666666667 0.0962962962962963
1 0.45598958333333334 0.5259259259259259 0.022395833333333334 0.09259259259259259
1 0.38671875 0.524537037037037 0.022395833333333334 0.09537037037037037
1 0.32057291666666665 0.5259259259259259 0.025520833333333333 0.09259259259259259
0 0.4921875 0.48055555555555557 0.023958333333333335 0.040740740740740744
1 0.44192708333333336 0.6328703703703704 0.0171875 0.12129629629629629
1 0.5463541666666667 0.6347222222222222 0.019791666666666666 0.1175925925925926
1 0.65234375 0.6351851851851852 0.019270833333333334 0.11481481481481481
1 0.45364583333333336 0.7296296296296296 0.01875 0.07777777777777778
1 0.31692708333333336 0.7277777777777777 0.022395833333333334 0.08333333333333333
1 0.4466145833333333 0.8319444444444445 0.0203125 0.030555555555555555
