1 0.478125 0.17592592592592593 0.015625 0.1037037037037037
1 0.4471354166666667 0.2564814814814815 0.018229166666666668 0.09259259259259259
1 0.5682291666666667 0.25601851851851853 0.016666666666666666 0.08796296296296297
1 0.528125 0.3351851851851852 0.017708333333333333 0.06666666666666667
1 0.43046875 0.3347222222222222 0.021354166666666667 0.06759259259259259
1 0.334375 0.33287037037037037 0.021875 0.062037037037037036
1 0.36328125 0.4217592592592593 0.0203125 0.041666666666666664
1 0.42890625 0.42268518518518516 0.0171875 0.041666666666666664
1 0.49270833333333336 0.4217592592592593 0.014583333333333334 0.030555555555555555
0 0.4947916666666667 0.4486111111111111 0.023958333333333335 0.03425925925925926
1 0.5580729166666667 0.425462962962963 0.0171875 0.03425925925925926
1 0.6239583333333333 0.42453703703703705 0.020833333333333332 0.041666666666666664
1 0.6466145833333333 0.5180555555555556 0.019270833333333334 0.03981481481481482
1 0.5786458333333333 0.5166666666666667 0.019791666666666666 0.03888888888888889
1 0.51171875 0.5166666666666667 0.019270833333333334 0.03888888888888889
1 0.44375 0.5148148148148148 0.020833333333333332 0.040740740740740744
1 0.3770833333333333 0.5138888888888888 0.019791666666666666 0.040740740740740744
1 0.32447916666666665 0.6328703703703704 0.019791666666666666 0.11203703703703703
1 0.42916666666666664 0.6337962962962963 0.019791666666666666 0.11944444444444445
1 0.5330729166666667 0.6342592592592593 0.021354166666666667 0.11851851851851852
1 0.48984375 0.7351851851851852 0.018229166666666668 0.1111111111111111
1 0.3528645833333333 0.7333333333333333 0.022395833333333334 0.11296296296296296
1 0.47213541666666664 0.8375 0.0234375 0.03981481481481482
