0 0.3684895833333333 0.45185185185185184 0.019270833333333334 0.03888888888888889
1 0.46927083333333336 0.17824074074074073 0.020833333333333332 0.10648148148148148
1 0.4401041666666667 0.2523148148148148 0.01875 0.0787037037037037
1 0.55859375 0.25555555555555554 0.016145833333333335 0.07407407407407407
1 0.52734375 0.33564814814814814 0.0203125 0.06759259259259259
1 0.43072916666666666 0.33564814814814814 0.021875 0.06944444444444445
1 0.33489583333333334 0.33425925925925926 0.022916666666666665 0.06666666666666667
1 0.3268229166666667 0.425 0.025520833333333333 0.06851851851851852
1 0.3921875 0.42453703703703705 0.01875 0.062037037037037036
1 0.45703125 0.42777777777777776 0.018229166666666668 0.06111111111111111
1 0.5236979166666667 0.4287037037037037 0.0203125 0.06666666666666667
1 0.5864583333333333 0.42916666666666664 0.016666666666666666 0.06574074074074074
1 0.32083333333333336 0.5143518518518518 0.021875 0.04537037037037037
1 0.38723958333333336 0.513425925925926 0.021354166666666667 0.05092592592592592
1 0.4552083333333333 0.5152777777777777 0.019791666666666666 0.049074074074074076
1 0.521875 0.5148148148148148 0.020833333333333332 0.044444444444444446
1 0.5895833333333333 0.5162037037037037 0.017708333333333333 0.049074074074074076
1 0.5213541666666667 0.6337962962962963 0.017708333333333333 0.12129629629629629
1 0.4158854166666667 0.6324074074074074 0.019270833333333334 0.12037037037037036
1 0.31015625 0.6314814814814815 0.016145833333333335 0.12037037037037036
1 0.34140625 0.736574074074074 0.018229166666666668 0.1175925925925926
1 0.4752604166666667 0.7412037037037037 0.019270833333333334 0.11574074074074074
1 0.44114583333333335 0.8305555555555556 0.020833333333333332 0.03888888888888889
