1 0.45625 0.1787037037037037 0.017708333333333333 0.10555555555555556
1 0.42265625 0.25092592592592594 0.019270833333333334 0.06666666666666667
1 0.54140625 0.25324074074074077 0.018229166666666668 0.06574074074074074
1 0.5278645833333333 0.3347222222222222 0.018229166666666668 0.06018518518518518
1 0.43046875 0.33425925925925926 0.0203125 0.06111111111111111
1 0.334375 0.3333333333333333 0.01875 0.06851851851851852
1 0.34479166666666666 0.4222222222222222 0.017708333333333333 0.046296296296296294
0 0.3932291666666667 0.44907407407407407 0.019791666666666666 0.03518518518518519
1 0.409375 0.42407407407407405 0.019791666666666666 0.044444444444444446
1 0.4747395833333333 0.42314814814814816 0.021354166666666667 0.05
1 0.5401041666666667 0.42453703703703705 0.019791666666666666 0.041666666666666664
1 0.6057291666666667 0.42407407407407405 0.015625 0.05
1 0.5869791666666667 0.5115740740740741 0.016666666666666666 0.058333333333333334
1 0.5205729166666667 0.512962962962963 0.016145833333333335 0.05185185185185185
1 0.45338541666666665 0.5120370370370371 0.022395833333333334 0.04814814814814815
1 0.38567708333333334 0.5115740740740741 0.022395833333333334 0.05648148148148148
1 0.31979166666666664 0.5050925925925925 0.019791666666666666 0.05648148148148148
1 0.3109375 0.6282407407407408 0.01875 0.11944444444444445
1 0.4158854166666667 0.6324074074074074 0.022395833333333334 0.12407407407407407
1 0.52109375 0.6342592592592593 0.0203125 0.12037037037037036
1 0.31302083333333336 0.7388888888888889 0.022916666666666665 0.12037037037037036
1 0.45286458333333335 0.7388888888888889 0.027604166666666666 0.12962962962962962
1 0.42630208333333336 0.8310185185185185 0.024479166666666666 0.04722222222222222
