1 0.4544270833333333 0.17916666666666667 0.019270833333333334 0.10833333333333334
1 0.42291666666666666 0.2537037037037037 0.01875 0.06666666666666667
1 0.5421875 0.25324074074074077 0.016666666666666666 0.06574074074074074
1 0.5265625 0.3351851851851852 0.016666666666666666 0.06296296296296296
1 0.43046875 0.3365740740740741 0.022395833333333334 0.06574074074074074
1 0.3346354166666667 0.33101851851851855 0.024479166666666666 0.06388888888888888
1 0.34713541666666664 0.4199074074074074 0.019270833333333334 0.03611111111111111
0 0.3489583333333333 0.45185185185185184 0.020833333333333332 0.03333333333333333
1 0.41328125 0.42314814814814816 0.0203125 0.03888888888888889
1 0.4783854166666667 0.42314814814814816 0.0203125 0.03518518518518519
1 0.5434895833333333 0.42407407407407405 0.018229166666666668 0.03518518518518519
1 0.6083333333333333 0.42407407407407405 0.01875 0.03518518518518519
1 0.58671875 0.5351851851851852 0.018229166666666668 0.11851851851851852
1 0.5208333333333334 0.5310185185185186 0.020833333333333332 0.10648148148148148
1 0.45364583333333336 0.5314814814814814 0.01875 0.11296296296296296
1 0.3854166666666667 0.5310185185185186 0.019791666666666666 0.11574074074074074
1 0.3203125 0.5300925925925926 0.01875 0.11388888888888889
1 0.3098958333333333 0.6287037037037037 0.01875 0.12222222222222222
1 0.4161458333333333 0.6333333333333333 0.017708333333333333 0.12407407407407407
1 0.52265625 0.6347222222222222 0.025520833333333333 0.1175925925925926
1 0.31302083333333336 0.7356481481481482 0.021875 0.11944444444444445
1 0.4518229166666667 0.7398148148148148 0.0265625 0.1259259259259259
1 0.4270833333333333 0.8310185185185185 0.030208333333333334 0.049074074074074076
