1 0.45625 0.17824074074074073 0.01875 0.10462962962962963
1 0.4231770833333333 0.2537037037037037 0.021354166666666667 0.06666666666666667
1 0.5421875 0.25324074074074077 0.017708333333333333 0.06388888888888888
1 0.33489583333333334 0.3333333333333333 0.019791666666666666 0.06111111111111111
1 0.42994791666666665 0.3347222222222222 0.019270833333333334 0.06388888888888888
1 0.52734375 0.33425925925925926 0.019270833333333334 0.06296296296296296
1 0.371875 0.42824074074074076 0.022916666666666665 0.0787037037037037
1 0.4356770833333333 0.42962962962962964 0.021354166666666667 0.07962962962962963
1 0.5028645833333333 0.4300925925925926 0.0171875 0.0787037037037037
1 0.5666666666666667 0.43333333333333335 0.017708333333333333 0.07962962962962963
1 0.6315104166666666 0.43333333333333335 0.015104166666666667 0.07962962962962963
1 0.32057291666666665 0.5291666666666667 0.019270833333333334 0.11944444444444445
1 0.3859375 0.5324074074074074 0.020833333333333332 0.11296296296296296
1 0.453125 0.5305555555555556 0.019791666666666666 0.11296296296296296
1 0.52109375 0.5333333333333333 0.0203125 0.1111111111111111
1 0.5893229166666667 0.5337962962962963 0.0234375 0.11388888888888889
1 0.3640625 0.6189814814814815 0.020833333333333332 0.05092592592592592
0 0.3859375 0.6472222222222223 0.022916666666666665 0.03888888888888889
1 0.4705729166666667 0.6236111111111111 0.021354166666666667 0.05277777777777778
1 0.57890625 0.625462962962963 0.019270833333333334 0.049074074074074076
1 0.45078125 0.7361111111111112 0.0234375 0.12037037037037036
1 0.4265625 0.8314814814814815 0.025 0.040740740740740744
1 0.3143229166666667 0.7356481481481482 0.0203125 0.11944444444444445
