1 0.4942708333333333 0.17824074074074073 0.017708333333333333 0.10277777777777777
1 0.471875 0.26157407407407407 0.01875 0.10277777777777777
1 0.59140625 0.26064814814814813 0.016145833333333335 0.10648148148148148
1 0.52734375 0.33564814814814814 0.018229166666666668 0.06018518518518518
1 0.4317708333333333 0.33611111111111114 0.01875 0.06481481481481481
1 0.334375 0.3347222222222222 0.020833333333333332 0.062037037037037036
1 0.3888020833333333 0.425462962962963 0.018229166666666668 0.05462962962962963
1 0.45364583333333336 0.42453703703703705 0.019791666666666666 0.05277777777777778
1 0.5192708333333333 0.42777777777777776 0.017708333333333333 0.05740740740740741
1 0.584375 0.42824074074074076 0.016666666666666666 0.05277777777777778
1 0.6497395833333334 0.42824074074074076 0.016145833333333335 0.05277777777777778
1 0.31875 0.5333333333333333 0.015625 0.11481481481481481
1 0.3848958333333333 0.5333333333333333 0.015625 0.11481481481481481
1 0.45234375 0.5296296296296297 0.016145833333333335 0.11296296296296296
1 0.51953125 0.5347222222222222 0.021354166666666667 0.1175925925925926
1 0.5846354166666666 0.5333333333333333 0.016145833333333335 0.1111111111111111
1 0.6171875 0.6337962962962963 0.020833333333333332 0.11944444444444445
1 0.51328125 0.6324074074074074 0.021354166666666667 0.10740740740740741
0 0.5075520833333333 0.6995370370370371 0.024479166666666666 0.03611111111111111
1 0.40572916666666664 0.6333333333333333 0.021875 0.12037037037037036
1 0.3333333333333333 0.7208333333333333 0.021875 0.06574074074074074
1 0.4669270833333333 0.7217592592592592 0.018229166666666668 0.06018518518518518
1 0.4395833333333333 0.8324074074074074 0.021875 0.040740740740740744
