1 0.5098958333333333 0.17777777777777778 0.016666666666666666 0.10555555555555556
1 0.49166666666666664 0.25833333333333336 0.017708333333333333 0.10185185185185185
1 0.6122395833333333 0.2611111111111111 0.016145833333333335 0.10740740740740741
1 0.5278645833333333 0.33425925925925926 0.019270833333333334 0.06111111111111111
1 0.4317708333333333 0.3337962962962963 0.022916666666666665 0.06388888888888888
1 0.3346354166666667 0.33240740740740743 0.024479166666666666 0.06296296296296296
1 0.38958333333333334 0.42962962962962964 0.021875 0.08888888888888889
1 0.4544270833333333 0.42777777777777776 0.0203125 0.08518518518518518
1 0.51875 0.4305555555555556 0.017708333333333333 0.08888888888888889
1 0.5833333333333334 0.4324074074074074 0.01875 0.08518518518518518
1 0.6486979166666667 0.4324074074074074 0.018229166666666668 0.08333333333333333
1 0.31979166666666664 0.5319444444444444 0.019791666666666666 0.11574074074074074
1 0.3859375 0.5328703703703703 0.019791666666666666 0.11388888888888889
1 0.45338541666666665 0.5310185185185186 0.0203125 0.11574074074074074
1 0.521875 0.5328703703703703 0.020833333333333332 0.10648148148148148
1 0.5872395833333334 0.5365740740740741 0.019270833333333334 0.11018518518518519
1 0.6278645833333333 0.6370370370370371 0.022395833333333334 0.11851851851851852
1 0.5223958333333333 0.6356481481481482 0.023958333333333335 0.1175925925925926
1 0.41744791666666664 0.6291666666666667 0.022395833333333334 0.11944444444444445
0 0.5200520833333333 0.7018518518518518 0.0234375 0.037037037037037035
1 0.36770833333333336 0.7171296296296297 0.023958333333333335 0.05462962962962963
1 0.45 0.8319444444444445 0.01875 0.03796296296296296
1 0.5067708333333333 0.7263888888888889 0.020833333333333332 0.05277777777777778
