1 0.5109375 0.17962962962962964 0.017708333333333333 0.10185185185185185
1 0.49166666666666664 0.2625 0.017708333333333333 0.10277777777777777
1 0.6125 0.26064814814814813 0.016666666666666666 0.11018518518518519
1 0.5283854166666667 0.337037037037037 0.016145833333333335 0.06296296296296296
1 0.4315104166666667 0.3365740740740741 0.021354166666666667 0.06759259259259259
1 0.33567708333333335 0.3333333333333333 0.021354166666666667 0.06296296296296296
1 0.3885416666666667 0.4300925925925926 0.019791666666666666 0.08796296296296297
1 0.45364583333333336 0.43148148148148147 0.019791666666666666 0.08888888888888889
1 0.5200520833333333 0.4310185185185185 0.019270833333333334 0.08611111111111111
1 0.5838541666666667 0.4305555555555556 0.019791666666666666 0.08888888888888889
1 0.64921875 0.43287037037037035 0.0171875 0.09166666666666666
1 0.5864583333333333 0.5337962962962963 0.021875 0.11574074074074074
1 0.5203125 0.5324074074074074 0.019791666666666666 0.11666666666666667
1 0.45286458333333335 0.5342592592592592 0.019270833333333334 0.11296296296296296
1 0.3854166666666667 0.5319444444444444 0.016666666666666666 0.11203703703703703
1 0.31875 0.5300925925925926 0.01875 0.11388888888888889
1 0.42239583333333336 0.6324074074074074 0.016666666666666666 0.11851851851851852
1 0.5296875 0.6347222222222222 0.019791666666666666 0.11944444444444445
1 0.6328125 0.6370370370370371 0.01875 0.11481481481481481
0 0.5234375 0.7018518518518518 0.021875 0.03333333333333333
1 0.47265625 0.7222222222222222 0.0203125 0.04814814814814815
1 0.3375 0.7194444444444444 0.020833333333333332 0.05555555555555555
1 0.43125 0.8310185185185185 0.019791666666666666 0.03981481481481482
