1 0.5106770833333333 0.17916666666666667 0.0171875 0.10277777777777777
1 0.4921875 0.26064814814814813 0.016666666666666666 0.10277777777777777
1 0.6119791666666666 0.262037037037037 0.016666666666666666 0.10925925925925926
1 0.5276041666666667 0.33564814814814814 0.017708333333333333 0.06574074074074074
1 0.4309895833333333 0.3351851851851852 0.019270833333333334 0.06481481481481481
1 0.3359375 0.33240740740740743 0.020833333333333332 0.06481481481481481
1 0.38828125 0.4287037037037037 0.016145833333333335 0.08518518518518518
1 0.45364583333333336 0.42962962962962964 0.017708333333333333 0.08333333333333333
1 0.51796875 0.43333333333333335 0.0203125 0.08333333333333333
1 0.5841145833333333 0.43148148148148147 0.015104166666666667 0.07962962962962963
1 0.6486979166666667 0.43194444444444446 0.0171875 0.08611111111111111
1 0.31875 0.5310185185185186 0.016666666666666666 0.11574074074074074
1 0.3846354166666667 0.5314814814814814 0.0171875 0.1111111111111111
1 0.45260416666666664 0.5319444444444444 0.01875 0.11388888888888889
1 0.5200520833333333 0.5337962962962963 0.018229166666666668 0.11018518518518519
1 0.5861979166666667 0.5347222222222222 0.019270833333333334 0.11388888888888889
1 0.6369791666666667 0.6356481481481482 0.017708333333333333 0.1175925925925926
1 0.5322916666666667 0.6328703703703704 0.017708333333333333 0.12129629629629629
0 0.5252604166666667 0.7023148148148148 0.022395833333333334 0.03425925925925926
1 0.42526041666666664 0.6333333333333333 0.018229166666666668 0.11481481481481481
1 0.40859375 0.7180555555555556 0.0171875 0.05092592592592592
1 0.54453125 0.7203703703703703 0.016145833333333335 0.05555555555555555
1 0.43333333333333335 0.8300925925925926 0.020833333333333332 0.03981481481481482
