1 0.5098958333333333 0.18055555555555555 0.01875 0.10555555555555556
1 0.49270833333333336 0.26064814814814813 0.017708333333333333 0.10833333333333334
1 0.6119791666666666 0.262037037037037 0.016666666666666666 0.10740740740740741
1 0.5286458333333334 0.33611111111111114 0.01875 0.06481481481481481
1 0.4317708333333333 0.3347222222222222 0.022916666666666665 0.06574074074074074
1 0.33515625 0.3337962962962963 0.0203125 0.06574074074074074
1 0.3885416666666667 0.4300925925925926 0.01875 0.08796296296296297
1 0.45364583333333336 0.42916666666666664 0.017708333333333333 0.08425925925925926
1 0.5184895833333333 0.4310185185185185 0.018229166666666668 0.0824074074074074
1 0.5848958333333333 0.43148148148148147 0.01875 0.08703703703703704
1 0.6497395833333334 0.4337962962962963 0.016145833333333335 0.08796296296296297
1 0.3184895833333333 0.5310185185185186 0.018229166666666668 0.1175925925925926
1 0.3848958333333333 0.5324074074074074 0.017708333333333333 0.1111111111111111
1 0.45286458333333335 0.5328703703703703 0.0203125 0.11018518518518519
1 0.5192708333333333 0.5337962962962963 0.016666666666666666 0.11203703703703703
1 0.58671875 0.5347222222222222 0.019270833333333334 0.11018518518518519
1 0.6390625 0.6347222222222222 0.022916666666666665 0.11944444444444445
1 0.5341145833333333 0.6375 0.025520833333333333 0.12314814814814815
0 0.5268229166666667 0.7018518518518518 0.0234375 0.03518518518518519
1 0.4278645833333333 0.6324074074074074 0.0203125 0.11666666666666667
1 0.4856770833333333 0.7217592592592592 0.016145833333333335 0.05092592592592592
1 0.6221354166666667 0.7231481481481481 0.0171875 0.05555555555555555
1 0.52109375 0.8328703703703704 0.0234375 0.04351851851851852
