1 0.5098958333333333 0.17916666666666667 0.015625 0.10648148148148148
1 0.49296875 0.2611111111111111 0.015104166666666667 0.10555555555555556
1 0.6119791666666666 0.2625 0.014583333333333334 0.10462962962962963
1 0.55078125 0.3365740740740741 0.018229166666666668 0.0824074074074074
1 0.453125 0.3365740740740741 0.019791666666666666 0.0824074074074074
1 0.3575520833333333 0.3351851851851852 0.022395833333333334 0.07777777777777778
1 0.38776041666666666 0.4273148148148148 0.0203125 0.075
1 0.45234375 0.4273148148148148 0.018229166666666668 0.075
1 0.5174479166666667 0.42824074074074076 0.019270833333333334 0.07314814814814814
1 0.5825520833333333 0.43472222222222223 0.021354166666666667 0.08055555555555556
1 0.6481770833333333 0.42962962962962964 0.019270833333333334 0.07222222222222222
1 0.6375 0.5166666666666667 0.01875 0.04259259259259259
1 0.5705729166666667 0.5203703703703704 0.0203125 0.04259259259259259
1 0.503125 0.5157407407407407 0.01875 0.037037037037037035
1 0.4359375 0.5175925925925926 0.021875 0.04814814814814815
1 0.36770833333333336 0.5157407407407407 0.021875 0.04814814814814815
1 0.34401041666666665 0.6157407407407407 0.0203125 0.05185185185185185
1 0.4484375 0.6171296296296296 0.026041666666666668 0.05092592592592592
1 0.55546875 0.6222222222222222 0.021354166666666667 0.04814814814814815
0 0.5119791666666667 0.5958333333333333 0.021875 0.03425925925925926
1 0.38567708333333334 0.7305555555555555 0.022395833333333334 0.0962962962962963
1 0.5213541666666667 0.7305555555555555 0.021875 0.08888888888888889
1 0.4473958333333333 0.8393518518518519 0.021875 0.05277777777777778
