1 0.5356770833333333 0.18472222222222223 0.018229166666666668 0.09722222222222222
1 0.49583333333333335 0.25787037037037036 0.021875 0.10648148148148148
1 0.6151041666666667 0.2601851851851852 0.023958333333333335 0.10185185185185185
1 0.5518229166666667 0.3435185185185185 0.018229166666666668 0.08703703703703704
1 0.4549479166666667 0.3416666666666667 0.0171875 0.08703703703703704
1 0.6489583333333333 0.34444444444444444 0.017708333333333333 0.08703703703703704
1 0.6190104166666667 0.42685185185185187 0.019270833333333334 0.03888888888888889
1 0.5536458333333333 0.42592592592592593 0.01875 0.037037037037037035
1 0.48776041666666664 0.425462962962963 0.0171875 0.041666666666666664
1 0.421875 0.42314814814814816 0.019791666666666666 0.037037037037037035
1 0.3580729166666667 0.42268518518518516 0.018229166666666668 0.03981481481481482
1 0.37057291666666664 0.5254629629629629 0.0203125 0.09722222222222222
1 0.43802083333333336 0.5277777777777778 0.01875 0.09814814814814815
1 0.5044270833333333 0.5291666666666667 0.019270833333333334 0.10277777777777777
1 0.5731770833333333 0.5310185185185186 0.019270833333333334 0.09907407407407408
1 0.6385416666666667 0.5319444444444444 0.015625 0.09907407407407408
1 0.5768229166666666 0.6342592592592593 0.0203125 0.11851851851851852
1 0.47161458333333334 0.6328703703703704 0.019270833333333334 0.1175925925925926
1 0.36666666666666664 0.6310185185185185 0.01875 0.1175925925925926
1 0.4901041666666667 0.7333333333333333 0.017708333333333333 0.09259259259259259
1 0.35390625 0.7296296296296296 0.021354166666666667 0.09259259259259259
1 0.44453125 0.8324074074074074 0.018229166666666668 0.03888888888888889
