1 0.45703125 0.17083333333333334 0.0171875 0.06759259259259259
0 0.384375 0.21666666666666667 0.019791666666666666 0.03518518518518519
1 0.3578125 0.25787037037037036 0.01875 0.09722222222222222
1 0.47708333333333336 0.25833333333333336 0.017708333333333333 0.1
1 0.3966145833333333 0.3388888888888889 0.0203125 0.07962962962962963
1 0.49296875 0.3416666666666667 0.018229166666666668 0.08703703703703704
1 0.5911458333333334 0.3416666666666667 0.016666666666666666 0.08703703703703704
1 0.35598958333333336 0.41712962962962963 0.018229166666666668 0.08055555555555556
1 0.4205729166666667 0.41712962962962963 0.018229166666666668 0.0824074074074074
1 0.4859375 0.41759259259259257 0.017708333333333333 0.08148148148148149
1 0.5510416666666667 0.4185185185185185 0.016666666666666666 0.08148148148148149
1 0.6166666666666667 0.41898148148148145 0.017708333333333333 0.08055555555555556
1 0.5979166666666667 0.5300925925925926 0.016666666666666666 0.08611111111111111
1 0.5315104166666667 0.5268518518518519 0.018229166666666668 0.08703703703703704
1 0.46432291666666664 0.5268518518518519 0.019270833333333334 0.08703703703703704
1 0.39739583333333334 0.5254629629629629 0.021875 0.08796296296296297
1 0.33046875 0.524537037037037 0.022395833333333334 0.08425925925925926
1 0.33958333333333335 0.6305555555555555 0.016666666666666666 0.11851851851851852
1 0.44453125 0.6328703703703704 0.0171875 0.11388888888888889
1 0.5505208333333333 0.6342592592592593 0.017708333333333333 0.11666666666666667
1 0.4510416666666667 0.7208333333333333 0.017708333333333333 0.06018518518518518
1 0.5875 0.7231481481481481 0.017708333333333333 0.06111111111111111
1 0.4875 0.8384259259259259 0.020833333333333332 0.030555555555555555
