1 0.5375 0.17083333333333334 0.016666666666666666 0.075
1 0.453125 0.25416666666666665 0.019791666666666666 0.09537037037037037
1 0.5744791666666667 0.26296296296296295 0.016666666666666666 0.10740740740740741
0 0.5611979166666666 0.29259259259259257 0.015104166666666667 0.03518518518518519
1 0.54921875 0.34814814814814815 0.018229166666666668 0.1
1 0.4513020833333333 0.33287037037037037 0.016145833333333335 0.075
1 0.35390625 0.34305555555555556 0.016145833333333335 0.09907407407407408
1 0.3888020833333333 0.4134259259259259 0.016145833333333335 0.09537037037037037
1 0.4515625 0.4148148148148148 0.016666666666666666 0.09074074074074075
1 0.5182291666666666 0.4134259259259259 0.016666666666666666 0.08981481481481482
1 0.584375 0.41574074074074074 0.016666666666666666 0.08703703703703704
1 0.6494791666666667 0.4162037037037037 0.017708333333333333 0.09351851851851851
1 0.6393229166666666 0.525 0.015104166666666667 0.08333333333333333
1 0.57265625 0.524074074074074 0.018229166666666668 0.07962962962962963
1 0.5057291666666667 0.5231481481481481 0.014583333333333334 0.08518518518518518
1 0.43828125 0.5236111111111111 0.0171875 0.08055555555555556
1 0.37109375 0.5208333333333334 0.019270833333333334 0.08055555555555556
1 0.4270833333333333 0.6314814814814815 0.01875 0.11666666666666667
1 0.5333333333333333 0.6319444444444444 0.01875 0.1175925925925926
1 0.6385416666666667 0.6361111111111111 0.01875 0.11481481481481481
1 0.5856770833333333 0.7217592592592592 0.0203125 0.049074074074074076
1 0.45 0.7208333333333333 0.019791666666666666 0.05462962962962963
1 0.490625 0.8375 0.01875 0.030555555555555555
