1 0.51640625 0.1712962962962963 0.0171875 0.07592592592592592
1 0.46822916666666664 0.2601851851851852 0.017708333333333333 0.10185185185185185
1 0.5872395833333334 0.2601851851851852 0.0171875 0.09814814814814815
0 0.5794270833333334 0.29259259259259257 0.0109375 0.02962962962962963
1 0.48984375 0.3333333333333333 0.019270833333333334 0.07777777777777778
1 0.39557291666666666 0.3300925925925926 0.018229166666666668 0.06944444444444445
1 0.5861979166666667 0.33287037037037037 0.021354166666666667 0.06018518518518518
1 0.5841145833333333 0.4111111111111111 0.016145833333333335 0.09444444444444444
1 0.6494791666666667 0.4115740740740741 0.017708333333333333 0.09351851851851851
1 0.51953125 0.4097222222222222 0.016145833333333335 0.09166666666666666
1 0.45364583333333336 0.4101851851851852 0.017708333333333333 0.09074074074074075
1 0.3880208333333333 0.40879629629629627 0.015625 0.09166666666666666
1 0.38046875 0.5157407407407407 0.019270833333333334 0.05555555555555555
1 0.44765625 0.5180555555555556 0.021354166666666667 0.05648148148148148
1 0.5145833333333333 0.5175925925925926 0.019791666666666666 0.05185185185185185
1 0.5817708333333333 0.5185185185185185 0.017708333333333333 0.053703703703703705
1 0.64765625 0.5157407407407407 0.016145833333333335 0.05
1 0.6518229166666667 0.6347222222222222 0.018229166666666668 0.12129629629629629
1 0.5466145833333333 0.6351851851851852 0.018229166666666668 0.12037037037037036
1 0.440625 0.6314814814814815 0.017708333333333333 0.11851851851851852
1 0.44869791666666664 0.7199074074074074 0.019270833333333334 0.058333333333333334
1 0.5859375 0.7226851851851852 0.016666666666666666 0.05648148148148148
1 0.4903645833333333 0.8342592592592593 0.022395833333333334 0.02962962962962963
