0 0.5838541666666667 0.29259259259259257 0.01875 0.037037037037037035
1 0.5078125 0.1787037037037037 0.017708333333333333 0.0962962962962963
1 0.4908854166666667 0.2537037037037037 0.0203125 0.08148148148148149
1 0.61015625 0.2569444444444444 0.016145833333333335 0.0824074074074074
1 0.6401041666666667 0.34675925925925927 0.016666666666666666 0.10833333333333334
1 0.54296875 0.3472222222222222 0.0171875 0.10740740740740741
1 0.44557291666666665 0.3425925925925926 0.016145833333333335 0.1037037037037037
1 0.3880208333333333 0.4097222222222222 0.017708333333333333 0.09537037037037037
1 0.453125 0.4115740740740741 0.016666666666666666 0.09537037037037037
1 0.51875 0.4111111111111111 0.014583333333333334 0.09444444444444444
1 0.5841145833333333 0.412962962962963 0.015104166666666667 0.09444444444444444
1 0.6497395833333334 0.41388888888888886 0.018229166666666668 0.09814814814814815
1 0.3619791666666667 0.512962962962963 0.01875 0.04814814814814815
1 0.42864583333333334 0.5143518518518518 0.017708333333333333 0.04537037037037037
1 0.49635416666666665 0.5162037037037037 0.015625 0.04351851851851852
1 0.5645833333333333 0.5166666666666667 0.017708333333333333 0.044444444444444446
1 0.6299479166666667 0.5162037037037037 0.0171875 0.04351851851851852
1 0.6515625 0.6356481481481482 0.016666666666666666 0.11944444444444445
1 0.54609375 0.6337962962962963 0.0171875 0.11574074074074074
1 0.44166666666666665 0.6314814814814815 0.016666666666666666 0.11851851851851852
1 0.35598958333333336 0.7194444444444444 0.0203125 0.053703703703703705
1 0.49166666666666664 0.7231481481481481 0.016666666666666666 0.05
1 0.44895833333333335 0.8305555555555556 0.025 0.044444444444444446
