1 0.5091145833333334 0.175 0.015104166666666667 0.09259259259259259
1 0.4830729166666667 0.25324074074074077 0.018229166666666668 0.07685185185185185
1 0.36302083333333335 0.25324074074074077 0.019791666666666666 0.07314814814814814
0 0.3807291666666667 0.287962962962963 0.017708333333333333 0.037037037037037035
1 0.3424479166666667 0.41064814814814815 0.019270833333333334 0.08981481481481482
1 0.40651041666666665 0.41064814814814815 0.016145833333333335 0.08981481481481482
1 0.471875 0.41203703703703703 0.015625 0.09259259259259259
1 0.53671875 0.4134259259259259 0.016145833333333335 0.08981481481481482
1 0.6020833333333333 0.4148148148148148 0.017708333333333333 0.08703703703703704
1 0.378125 0.3490740740740741 0.015625 0.0962962962962963
1 0.4739583333333333 0.33101851851851855 0.01875 0.07314814814814814
1 0.5705729166666667 0.34814814814814815 0.018229166666666668 0.10925925925925926
1 0.3572916666666667 0.5273148148148148 0.01875 0.08425925925925926
1 0.4236979166666667 0.5268518518518519 0.0171875 0.08703703703703704
1 0.490625 0.5268518518518519 0.015625 0.08518518518518518
1 0.5591145833333333 0.5287037037037037 0.0171875 0.08703703703703704
1 0.6252604166666667 0.5305555555555556 0.015104166666666667 0.09074074074074075
1 0.3111979166666667 0.6300925925925925 0.019270833333333334 0.12685185185185185
1 0.41484375 0.6342592592592593 0.019270833333333334 0.11666666666666667
1 0.5200520833333333 0.6365740740740741 0.019270833333333334 0.11574074074074074
1 0.4473958333333333 0.7194444444444444 0.021875 0.05555555555555555
1 0.5828125 0.7217592592592592 0.020833333333333332 0.05462962962962963
1 0.490625 0.837037037037037 0.019791666666666666 0.03518518518518519
