0 0.38125 0.2875 0.017708333333333333 0.03611111111111111
1 0.47760416666666666 0.17546296296296296 0.015625 0.09907407407407408
1 0.4830729166666667 0.2550925925925926 0.016145833333333335 0.0787037037037037
1 0.36328125 0.25277777777777777 0.018229166666666668 0.07592592592592592
1 0.34791666666666665 0.3453703703703704 0.016666666666666666 0.10555555555555556
1 0.44427083333333334 0.34675925925925927 0.016666666666666666 0.11018518518518519
1 0.5427083333333333 0.3458333333333333 0.015625 0.10833333333333334
1 0.3421875 0.4111111111111111 0.017708333333333333 0.09259259259259259
1 0.40598958333333335 0.41203703703703703 0.018229166666666668 0.09074074074074075
1 0.4708333333333333 0.412962962962963 0.017708333333333333 0.08888888888888889
1 0.53671875 0.41388888888888886 0.0171875 0.09074074074074075
1 0.6020833333333333 0.4148148148148148 0.019791666666666666 0.09074074074074075
1 0.34375 0.513425925925926 0.020833333333333332 0.05648148148148148
1 0.41119791666666666 0.5148148148148148 0.0203125 0.05555555555555555
1 0.4783854166666667 0.5157407407407407 0.018229166666666668 0.05740740740740741
1 0.5458333333333333 0.5189814814814815 0.019791666666666666 0.06018518518518518
1 0.6122395833333333 0.5189814814814815 0.0171875 0.06018518518518518
1 0.31015625 0.6319444444444444 0.018229166666666668 0.1175925925925926
1 0.41458333333333336 0.6296296296296297 0.016666666666666666 0.11666666666666667
1 0.5200520833333333 0.6347222222222222 0.0171875 0.1175925925925926
1 0.4473958333333333 0.7217592592592592 0.01875 0.058333333333333334
1 0.5828125 0.7222222222222222 0.01875 0.053703703703703705
1 0.48932291666666666 0.837037037037037 0.022395833333333334 0.03148148148148148
