1 0.47682291666666665 0.17546296296296296 0.0171875 0.09537037037037037
1 0.4817708333333333 0.25462962962962965 0.019791666666666666 0.07777777777777778
1 0.36328125 0.2523148148148148 0.019270833333333334 0.075
0 0.3807291666666667 0.2884259259259259 0.01875 0.03611111111111111
1 0.34609375 0.3453703703703704 0.018229166666666668 0.1037037037037037
1 0.44479166666666664 0.34629629629629627 0.01875 0.10740740740740741
1 0.5390625 0.3453703703703704 0.016666666666666666 0.10740740740740741
1 0.5377604166666666 0.4134259259259259 0.018229166666666668 0.08611111111111111
1 0.6026041666666667 0.4148148148148148 0.019791666666666666 0.08518518518518518
1 0.47161458333333334 0.4148148148148148 0.0171875 0.08888888888888889
1 0.40625 0.41203703703703703 0.01875 0.08888888888888889
1 0.3421875 0.412962962962963 0.01875 0.08703703703703704
1 0.34375 0.5180555555555556 0.020833333333333332 0.0712962962962963
1 0.40989583333333335 0.5189814814814815 0.017708333333333333 0.06759259259259259
1 0.47760416666666666 0.5212962962962963 0.016666666666666666 0.07222222222222222
1 0.54453125 0.5222222222222223 0.0171875 0.07037037037037037
1 0.6098958333333333 0.5236111111111111 0.017708333333333333 0.075
1 0.3098958333333333 0.6305555555555555 0.016666666666666666 0.11851851851851852
1 0.41458333333333336 0.6300925925925925 0.01875 0.12129629629629629
1 0.5216145833333333 0.6324074074074074 0.019270833333333334 0.11666666666666667
1 0.44635416666666666 0.7194444444444444 0.01875 0.06111111111111111
1 0.5822916666666667 0.7226851851851852 0.016666666666666666 0.05648148148148148
1 0.48776041666666664 0.8384259259259259 0.021354166666666667 0.030555555555555555
