1 0.47708333333333336 0.17777777777777778 0.014583333333333334 0.09444444444444444
1 0.4822916666666667 0.25462962962962965 0.015625 0.07222222222222222
1 0.3619791666666667 0.2518518518518518 0.016666666666666666 0.06296296296296296
0 0.3807291666666667 0.2884259259259259 0.019791666666666666 0.03425925925925926
1 0.34661458333333334 0.34305555555555556 0.0140625 0.10277777777777777
1 0.4432291666666667 0.34629629629629627 0.015625 0.10925925925925926
1 0.54140625 0.34629629629629627 0.0171875 0.10925925925925926
1 0.3421875 0.4134259259259259 0.01875 0.0787037037037037
1 0.40625 0.41435185185185186 0.01875 0.08425925925925926
1 0.471875 0.4152777777777778 0.017708333333333333 0.07685185185185185
1 0.5375 0.41805555555555557 0.017708333333333333 0.07685185185185185
1 0.6033854166666667 0.41805555555555557 0.019270833333333334 0.0787037037037037
1 0.6106770833333334 0.5231481481481481 0.018229166666666668 0.07222222222222222
1 0.5442708333333334 0.5208333333333334 0.019791666666666666 0.07314814814814814
1 0.47708333333333336 0.5189814814814815 0.01875 0.07314814814814814
1 0.409375 0.5199074074074074 0.020833333333333332 0.0712962962962963
1 0.34427083333333336 0.5185185185185185 0.021875 0.07222222222222222
1 0.3098958333333333 0.6319444444444444 0.017708333333333333 0.1175925925925926
1 0.41510416666666666 0.6324074074074074 0.019791666666666666 0.12037037037037036
1 0.52109375 0.6337962962962963 0.0171875 0.1175925925925926
1 0.4466145833333333 0.7217592592592592 0.019270833333333334 0.05648148148148148
1 0.5817708333333333 0.7226851851851852 0.015625 0.05462962962962963
1 0.48723958333333334 0.8375 0.021354166666666667 0.03425925925925926
