1 0.4778645833333333 0.17916666666666667 0.016145833333333335 0.10462962962962963
1 0.36614583333333334 0.24953703703703703 0.016666666666666666 0.05462962962962963
1 0.48671875 0.2518518518518518 0.0171875 0.05
0 0.3809895833333333 0.2875 0.016145833333333335 0.030555555555555555
1 0.3416666666666667 0.4152777777777778 0.017708333333333333 0.07685185185185185
1 0.40651041666666665 0.41712962962962963 0.0171875 0.07685185185185185
1 0.47317708333333336 0.41574074074074074 0.0171875 0.07592592592592592
1 0.5369791666666667 0.41712962962962963 0.016666666666666666 0.07685185185185185
1 0.603125 0.4199074074074074 0.017708333333333333 0.075
1 0.5682291666666667 0.34675925925925927 0.020833333333333332 0.10092592592592593
1 0.47708333333333336 0.32731481481481484 0.020833333333333332 0.075
1 0.37473958333333335 0.3458333333333333 0.021354166666666667 0.09722222222222222
1 0.3640625 0.5157407407407407 0.017708333333333333 0.06296296296296296
1 0.43125 0.5189814814814815 0.016666666666666666 0.06574074074074074
1 0.49947916666666664 0.5236111111111111 0.0125 0.058333333333333334
1 0.5669270833333333 0.5231481481481481 0.018229166666666668 0.06296296296296296
1 0.63203125 0.5217592592592593 0.011979166666666667 0.06574074074074074
1 0.31015625 0.6287037037037037 0.0171875 0.12037037037037036
1 0.41484375 0.6324074074074074 0.0171875 0.11851851851851852
1 0.5200520833333333 0.6356481481481482 0.0203125 0.11574074074074074
1 0.4466145833333333 0.7222222222222222 0.019270833333333334 0.05555555555555555
1 0.5825520833333333 0.7226851851851852 0.016145833333333335 0.058333333333333334
1 0.4875 0.8393518518518519 0.023958333333333335 0.028703703703703703
