1 0.4783854166666667 0.17685185185185184 0.016145833333333335 0.09814814814814815
1 0.48333333333333334 0.25277777777777777 0.017708333333333333 0.07592592592592592
1 0.36302083333333335 0.25092592592592594 0.01875 0.07222222222222222
0 0.3807291666666667 0.2875 0.01875 0.03425925925925926
1 0.36666666666666664 0.3439814814814815 0.015625 0.10833333333333334
1 0.4625 0.3472222222222222 0.014583333333333334 0.10740740740740741
1 0.5598958333333334 0.3472222222222222 0.013541666666666667 0.10740740740740741
1 0.3424479166666667 0.41574074074074074 0.019270833333333334 0.07222222222222222
1 0.40598958333333335 0.41574074074074074 0.018229166666666668 0.07407407407407407
1 0.47109375 0.41759259259259257 0.0171875 0.07592592592592592
1 0.5375 0.41898148148148145 0.016666666666666666 0.07685185185185185
1 0.60234375 0.4199074074074074 0.0171875 0.07314814814814814
1 0.34661458333333334 0.5152777777777777 0.0203125 0.06018518518518518
1 0.4119791666666667 0.5180555555555556 0.019791666666666666 0.062037037037037036
1 0.4786458333333333 0.5189814814814815 0.01875 0.06388888888888888
1 0.5463541666666667 0.5212962962962963 0.017708333333333333 0.06666666666666667
1 0.61328125 0.5222222222222223 0.016145833333333335 0.06666666666666667
1 0.3111979166666667 0.6291666666666667 0.0203125 0.11574074074074074
1 0.4158854166666667 0.6310185185185185 0.0203125 0.12129629629629629
1 0.5203125 0.6324074074074074 0.01875 0.11666666666666667
1 0.4471354166666667 0.7212962962962963 0.019270833333333334 0.06296296296296296
1 0.58203125 0.7240740740740741 0.019270833333333334 0.06481481481481481
1 0.48854166666666665 0.8375 0.021875 0.032407407407407406
