1 0.47890625 0.17777777777777778 0.018229166666666668 0.1
1 0.42526041666666664 0.2564814814814815 0.019270833333333334 0.10740740740740741
1 0.5427083333333333 0.26296296296296295 0.020833333333333332 0.10185185185185185
1 0.36666666666666664 0.3416666666666667 0.019791666666666666 0.1111111111111111
1 0.4622395833333333 0.3449074074074074 0.0140625 0.10833333333333334
1 0.5604166666666667 0.34629629629629627 0.017708333333333333 0.10925925925925926
1 0.3421875 0.41712962962962963 0.016666666666666666 0.07685185185185185
1 0.40651041666666665 0.4162037037037037 0.019270833333333334 0.075
1 0.471875 0.41759259259259257 0.019791666666666666 0.07592592592592592
1 0.53671875 0.41944444444444445 0.018229166666666668 0.07777777777777778
1 0.603125 0.41712962962962963 0.01875 0.07685185185185185
1 0.6174479166666667 0.5291666666666667 0.016145833333333335 0.09537037037037037
1 0.5502604166666667 0.5296296296296297 0.016145833333333335 0.08703703703703704
1 0.4830729166666667 0.5263888888888889 0.018229166666666668 0.08796296296296297
1 0.4153645833333333 0.5273148148148148 0.0203125 0.08796296296296297
1 0.34921875 0.5212962962962963 0.021354166666666667 0.08703703703703704
1 0.3106770833333333 0.6305555555555555 0.018229166666666668 0.11666666666666667
1 0.415625 0.6328703703703704 0.020833333333333332 0.1175925925925926
1 0.5197916666666667 0.6333333333333333 0.01875 0.11666666666666667
1 0.446875 0.7226851851851852 0.019791666666666666 0.062037037037037036
1 0.5825520833333333 0.7240740740740741 0.0171875 0.06111111111111111
1 0.4875 0.8402777777777778 0.019791666666666666 0.023148148148148147
