1 0.478125 0.1787037037037037 0.016666666666666666 0.10555555555555556
1 0.4192708333333333 0.25416666666666665 0.016666666666666666 0.075
1 0.5375 0.2550925925925926 0.015625 0.075
1 0.3338541666666667 0.33055555555555555 0.019791666666666666 0.05555555555555555
1 0.43072916666666666 0.3337962962962963 0.016666666666666666 0.05277777777777778
1 0.52734375 0.3337962962962963 0.0171875 0.05092592592592592
1 0.36276041666666664 0.4337962962962963 0.021354166666666667 0.09166666666666666
1 0.4276041666666667 0.43287037037037035 0.023958333333333335 0.09722222222222222
1 0.48828125 0.42824074074074076 0.021354166666666667 0.08611111111111111
1 0.55546875 0.4375 0.022395833333333334 0.09722222222222222
1 0.6200520833333333 0.4324074074074074 0.0265625 0.09259259259259259
1 0.31979166666666664 0.5268518518518519 0.016666666666666666 0.10740740740740741
1 0.38567708333333334 0.5310185185185186 0.019270833333333334 0.11018518518518519
1 0.45260416666666664 0.5333333333333333 0.017708333333333333 0.11666666666666667
1 0.5208333333333334 0.5314814814814814 0.016666666666666666 0.11481481481481481
1 0.5875 0.5351851851851852 0.01875 0.11296296296296296
1 0.3294270833333333 0.6282407407407408 0.0203125 0.09907407407407408
1 0.43645833333333334 0.6365740740740741 0.019791666666666666 0.10092592592592593
1 0.5416666666666666 0.6342592592592593 0.023958333333333335 0.11666666666666667
1 0.3234375 0.736574074074074 0.01875 0.11944444444444445
1 0.4596354166666667 0.7384259259259259 0.0171875 0.12129629629629629
1 0.42421875 0.8310185185185185 0.0234375 0.049074074074074076
