1 0.47708333333333336 0.17916666666666667 0.01875 0.10462962962962963
1 0.43072916666666666 0.25601851851851853 0.017708333333333333 0.09351851851851851
1 0.5510416666666667 0.2574074074074074 0.016666666666666666 0.09259259259259259
1 0.5268229166666667 0.33287037037037037 0.0171875 0.05462962962962963
1 0.4309895833333333 0.3347222222222222 0.019270833333333334 0.058333333333333334
1 0.334375 0.33055555555555555 0.01875 0.05555555555555555
1 0.36276041666666664 0.4263888888888889 0.019270833333333334 0.0712962962962963
1 0.4276041666666667 0.4300925925925926 0.020833333333333332 0.07314814814814814
1 0.49270833333333336 0.43194444444444446 0.016666666666666666 0.07314814814814814
1 0.5578125 0.43287037037037035 0.017708333333333333 0.075
1 0.6223958333333334 0.4324074074074074 0.014583333333333334 0.07037037037037037
1 0.5864583333333333 0.5328703703703703 0.015625 0.11018518518518519
1 0.51953125 0.5310185185185186 0.016145833333333335 0.11203703703703703
1 0.4515625 0.5310185185185186 0.016666666666666666 0.11203703703703703
1 0.384375 0.5305555555555556 0.016666666666666666 0.10925925925925926
1 0.3184895833333333 0.5291666666666667 0.0140625 0.11203703703703703
1 0.3736979166666667 0.6282407407407408 0.0140625 0.09537037037037037
1 0.4783854166666667 0.625462962962963 0.0171875 0.0787037037037037
1 0.58515625 0.6328703703703704 0.018229166666666668 0.08796296296296297
0 0.4348958333333333 0.6476851851851851 0.022916666666666665 0.041666666666666664
1 0.3109375 0.7342592592592593 0.019791666666666666 0.1
1 0.4484375 0.7388888888888889 0.016666666666666666 0.1037037037037037
1 0.42552083333333335 0.8351851851851851 0.021875 0.03148148148148148
