1 0.4947916666666667 0.17824074074074073 0.017708333333333333 0.10092592592592593
1 0.4669270833333333 0.26157407407407407 0.015104166666666667 0.10462962962962963
1 0.5872395833333334 0.2601851851851852 0.016145833333333335 0.10555555555555556
1 0.334375 0.32916666666666666 0.01875 0.05648148148148148
1 0.43072916666666666 0.33425925925925926 0.016666666666666666 0.05925925925925926
1 0.5268229166666667 0.3337962962962963 0.016145833333333335 0.05462962962962963
1 0.37786458333333334 0.42777777777777776 0.0171875 0.07777777777777778
1 0.4421875 0.4287037037037037 0.016666666666666666 0.07592592592592592
1 0.50859375 0.4287037037037037 0.0171875 0.07592592592592592
1 0.5734375 0.43333333333333335 0.013541666666666667 0.07222222222222222
1 0.6388020833333333 0.43148148148148147 0.013020833333333334 0.07962962962962963
1 0.31744791666666666 0.5282407407407408 0.015104166666666667 0.10648148148148148
1 0.3841145833333333 0.5287037037037037 0.015104166666666667 0.10555555555555556
1 0.45260416666666664 0.5300925925925926 0.016666666666666666 0.10462962962962963
1 0.5200520833333333 0.5310185185185186 0.016145833333333335 0.09907407407407408
1 0.5861979166666667 0.5314814814814814 0.015104166666666667 0.10555555555555556
1 0.62578125 0.6361111111111111 0.019270833333333334 0.11851851851851852
1 0.51953125 0.6333333333333333 0.019270833333333334 0.11666666666666667
0 0.5216145833333333 0.7023148148148148 0.0203125 0.030555555555555555
1 0.41458333333333336 0.6296296296296297 0.015625 0.11481481481481481
1 0.3296875 0.7212962962962963 0.019791666666666666 0.06481481481481481
1 0.4669270833333333 0.7268518518518519 0.016145833333333335 0.06296296296296296
1 0.465625 0.8347222222222223 0.020833333333333332 0.03425925925925926
