1 0.5049479166666667 0.17916666666666667 0.016145833333333335 0.09907407407407408
1 0.484375 0.25972222222222224 0.014583333333333334 0.10277777777777777
1 0.6057291666666667 0.2611111111111111 0.016666666666666666 0.10740740740740741
1 0.5278645833333333 0.3351851851851852 0.019270833333333334 0.06296296296296296
1 0.4317708333333333 0.3347222222222222 0.019791666666666666 0.06388888888888888
1 0.334375 0.33240740740740743 0.01875 0.06296296296296296
1 0.38776041666666666 0.4300925925925926 0.0171875 0.08425925925925926
1 0.45260416666666664 0.4310185185185185 0.016666666666666666 0.08425925925925926
1 0.51796875 0.4324074074074074 0.015104166666666667 0.08333333333333333
1 0.5833333333333334 0.4324074074074074 0.016666666666666666 0.08518518518518518
1 0.6481770833333333 0.43333333333333335 0.016145833333333335 0.08518518518518518
1 0.5859375 0.5351851851851852 0.015625 0.11296296296296296
1 0.51875 0.5287037037037037 0.015625 0.10185185185185185
1 0.45234375 0.5319444444444444 0.0171875 0.11388888888888889
1 0.38515625 0.5310185185185186 0.015104166666666667 0.11203703703703703
1 0.31796875 0.5291666666666667 0.015104166666666667 0.11018518518518519
1 0.41640625 0.6314814814814815 0.0171875 0.11296296296296296
1 0.52265625 0.6333333333333333 0.019270833333333334 0.11666666666666667
1 0.6286458333333333 0.6342592592592593 0.017708333333333333 0.11296296296296296
1 0.6223958333333334 0.7226851851851852 0.01875 0.049074074074074076
1 0.48854166666666665 0.7203703703703703 0.015625 0.05
0 0.5234375 0.7018518518518518 0.019791666666666666 0.02962962962962963
1 0.4984375 0.8398148148148148 0.016666666666666666 0.02962962962962963
