1 0.5057291666666667 0.17824074074074073 0.017708333333333333 0.10092592592592593
1 0.48489583333333336 0.26296296296296295 0.015625 0.10555555555555556
1 0.6057291666666667 0.2625 0.014583333333333334 0.10833333333333334
1 0.52734375 0.33425925925925926 0.0171875 0.06481481481481481
1 0.43072916666666666 0.3351851851851852 0.017708333333333333 0.06296296296296296
1 0.3341145833333333 0.33101851851851855 0.018229166666666668 0.058333333333333334
1 0.3880208333333333 0.42916666666666664 0.015625 0.08425925925925926
1 0.45260416666666664 0.4300925925925926 0.016666666666666666 0.08611111111111111
1 0.51796875 0.43194444444444446 0.0140625 0.08611111111111111
1 0.5838541666666667 0.43194444444444446 0.017708333333333333 0.08796296296296297
1 0.6479166666666667 0.4324074074074074 0.013541666666666667 0.08888888888888889
1 0.5864583333333333 0.5342592592592592 0.015625 0.11296296296296296
1 0.51953125 0.5324074074074074 0.0140625 0.10925925925925926
1 0.45208333333333334 0.5314814814814814 0.015625 0.1111111111111111
1 0.384375 0.5319444444444444 0.016666666666666666 0.11203703703703703
1 0.3182291666666667 0.5287037037037037 0.016666666666666666 0.11296296296296296
1 0.42604166666666665 0.6300925925925925 0.014583333333333334 0.11574074074074074
1 0.5307291666666667 0.6337962962962963 0.013541666666666667 0.11203703703703703
0 0.52734375 0.700462962962963 0.0203125 0.028703703703703703
1 0.6377604166666667 0.6337962962962963 0.0171875 0.11944444444444445
1 0.48880208333333336 0.7180555555555556 0.0140625 0.041666666666666664
1 0.3533854166666667 0.7166666666666667 0.018229166666666668 0.046296296296296294
1 0.47734375 0.837037037037037 0.0171875 0.027777777777777776
