1 0.5049479166666667 0.1787037037037037 0.015104166666666667 0.10185185185185185
1 0.484375 0.25972222222222224 0.014583333333333334 0.10277777777777777
1 0.6057291666666667 0.2625 0.013541666666666667 0.10277777777777777
1 0.5270833333333333 0.3337962962962963 0.015625 0.06388888888888888
1 0.43046875 0.33425925925925926 0.018229166666666668 0.06481481481481481
1 0.334375 0.33194444444444443 0.019791666666666666 0.06388888888888888
1 0.3885416666666667 0.4300925925925926 0.017708333333333333 0.08611111111111111
1 0.45234375 0.4300925925925926 0.0171875 0.0824074074074074
1 0.5177083333333333 0.4305555555555556 0.015625 0.08518518518518518
1 0.5830729166666667 0.43194444444444446 0.0171875 0.08611111111111111
1 0.6481770833333333 0.43425925925925923 0.015104166666666667 0.08518518518518518
1 0.5861979166666667 0.5347222222222222 0.015104166666666667 0.11574074074074074
1 0.51875 0.5263888888888889 0.015625 0.09907407407407408
1 0.3184895833333333 0.5310185185185186 0.0140625 0.11203703703703703
1 0.3848958333333333 0.5305555555555556 0.017708333333333333 0.10925925925925926
1 0.4513020833333333 0.5305555555555556 0.016145833333333335 0.1111111111111111
1 0.41770833333333335 0.6337962962962963 0.015625 0.11203703703703703
1 0.52421875 0.6361111111111111 0.016145833333333335 0.11296296296296296
1 0.6294270833333333 0.6361111111111111 0.019270833333333334 0.1111111111111111
1 0.5158854166666667 0.7203703703703703 0.018229166666666668 0.044444444444444446
1 0.3796875 0.7162037037037037 0.016666666666666666 0.04537037037037037
1 0.46979166666666666 0.8351851851851851 0.019791666666666666 0.02962962962962963
