1 0.50546875 0.17824074074074073 0.015104166666666667 0.10462962962962963
1 0.48463541666666665 0.262037037037037 0.0171875 0.10740740740740741
1 0.6052083333333333 0.2625 0.016666666666666666 0.10648148148148148
1 0.5270833333333333 0.3347222222222222 0.015625 0.06574074074074074
1 0.43046875 0.33425925925925926 0.018229166666666668 0.06666666666666667
1 0.334375 0.33240740740740743 0.020833333333333332 0.06481481481481481
1 0.38776041666666666 0.4287037037037037 0.0171875 0.08888888888888889
1 0.45286458333333335 0.42824074074074076 0.0171875 0.08611111111111111
1 0.5177083333333333 0.4305555555555556 0.016666666666666666 0.08888888888888889
1 0.5822916666666667 0.4337962962962963 0.016666666666666666 0.08981481481481482
1 0.6486979166666667 0.4337962962962963 0.0140625 0.08981481481481482
1 0.58671875 0.5361111111111111 0.016145833333333335 0.1111111111111111
1 0.5200520833333333 0.5328703703703703 0.016145833333333335 0.11388888888888889
1 0.45260416666666664 0.5319444444444444 0.017708333333333333 0.11203703703703703
1 0.384375 0.5324074074074074 0.016666666666666666 0.1111111111111111
1 0.3182291666666667 0.5296296296296297 0.017708333333333333 0.10925925925925926
1 0.4283854166666667 0.6333333333333333 0.018229166666666668 0.11666666666666667
1 0.5346354166666667 0.6356481481481482 0.015104166666666667 0.11388888888888889
1 0.6408854166666667 0.6347222222222222 0.0171875 0.11944444444444445
0 0.528125 0.700925925925926 0.020833333333333332 0.03148148148148148
1 0.33307291666666666 0.7166666666666667 0.019270833333333334 0.044444444444444446
1 0.46875 0.7180555555555556 0.014583333333333334 0.04351851851851852
