1 0.5044270833333333 0.17916666666666667 0.0140625 0.10277777777777777
1 0.48489583333333336 0.2611111111111111 0.014583333333333334 0.1
1 0.6049479166666667 0.26157407407407407 0.015104166666666667 0.10648148148148148
1 0.5278645833333333 0.33287037037037037 0.0171875 0.062037037037037036
1 0.4309895833333333 0.3337962962962963 0.018229166666666668 0.06574074074074074
1 0.3346354166666667 0.33055555555555555 0.019270833333333334 0.05925925925925926
1 0.36666666666666664 0.42777777777777776 0.016666666666666666 0.07962962962962963
1 0.43072916666666666 0.42916666666666664 0.014583333333333334 0.0824074074074074
1 0.49505208333333334 0.4287037037037037 0.016145833333333335 0.08518518518518518
1 0.5609375 0.4305555555555556 0.014583333333333334 0.07962962962962963
1 0.6278645833333333 0.43425925925925923 0.0140625 0.07777777777777778
1 0.3229166666666667 0.5273148148148148 0.017708333333333333 0.09166666666666666
1 0.3927083333333333 0.5263888888888889 0.019791666666666666 0.0824074074074074
1 0.4596354166666667 0.5287037037037037 0.0171875 0.08703703703703704
1 0.5263020833333333 0.5263888888888889 0.018229166666666668 0.08425925925925926
1 0.5924479166666666 0.5305555555555556 0.016145833333333335 0.08888888888888889
1 0.3450520833333333 0.6180555555555556 0.019270833333333334 0.05648148148148148
1 0.44895833333333335 0.6199074074074075 0.020833333333333332 0.06018518518518518
1 0.5549479166666667 0.6212962962962963 0.015104166666666667 0.06111111111111111
0 0.42890625 0.6532407407407408 0.021354166666666667 0.03981481481481482
1 0.34713541666666664 0.7166666666666667 0.015104166666666667 0.044444444444444446
1 0.484375 0.7180555555555556 0.015625 0.03981481481481482
1 0.4708333333333333 0.837037037037037 0.01875 0.03518518518518519
