1 0.4557291666666667 0.1787037037037037 0.013541666666666667 0.1037037037037037
1 0.4744791666666667 0.2518518518518518 0.015625 0.06666666666666667
1 0.5934895833333333 0.25324074074074077 0.015104166666666667 0.06388888888888888
1 0.4127604166666667 0.337037037037037 0.0171875 0.07592592592592592
1 0.5098958333333333 0.3384259259259259 0.014583333333333334 0.0787037037037037
1 0.60703125 0.3402777777777778 0.013020833333333334 0.07314814814814814
1 0.5877604166666667 0.4273148148148148 0.011979166666666667 0.06018518518518518
1 0.5216145833333333 0.42685185185185187 0.015104166666666667 0.05555555555555555
1 0.45625 0.425 0.016666666666666666 0.06111111111111111
1 0.39140625 0.425 0.019270833333333334 0.06296296296296296
1 0.32734375 0.4222222222222222 0.018229166666666668 0.05925925925925926
1 0.32421875 0.5226851851851851 0.013020833333333334 0.10092592592592593
1 0.39088541666666665 0.5310185185185186 0.016145833333333335 0.11018518518518519
1 0.45807291666666666 0.5305555555555556 0.015104166666666667 0.11481481481481481
1 0.5265625 0.5273148148148148 0.0125 0.10092592592592593
1 0.5927083333333333 0.5356481481481481 0.017708333333333333 0.11018518518518519
1 0.321875 0.6305555555555555 0.016666666666666666 0.11481481481481481
1 0.42682291666666666 0.6328703703703704 0.0171875 0.11388888888888889
1 0.5325520833333334 0.6347222222222222 0.019270833333333334 0.11574074074074074
1 0.36041666666666666 0.7337962962962963 0.01875 0.10833333333333334
1 0.49713541666666666 0.737037037037037 0.016145833333333335 0.10740740740740741
1 0.46848958333333335 0.8328703703703704 0.021354166666666667 0.030555555555555555
