1 0.478125 0.17731481481481481 0.013541666666666667 0.10277777777777777
1 0.4984375 0.2513888888888889 0.015625 0.06759259259259259
1 0.6182291666666667 0.25277777777777777 0.014583333333333334 0.06666666666666667
1 0.45416666666666666 0.3333333333333333 0.017708333333333333 0.07037037037037037
1 0.5515625 0.3351851851851852 0.016666666666666666 0.06666666666666667
1 0.6486979166666667 0.3365740740740741 0.015104166666666667 0.06388888888888888
1 0.59765625 0.4310185185185185 0.0171875 0.08611111111111111
1 0.5330729166666667 0.4300925925925926 0.0171875 0.08055555555555556
1 0.4671875 0.4310185185185185 0.01875 0.08425925925925926
1 0.40182291666666664 0.42777777777777776 0.018229166666666668 0.08518518518518518
1 0.3380208333333333 0.42777777777777776 0.017708333333333333 0.08333333333333333
1 0.34140625 0.5263888888888889 0.018229166666666668 0.10648148148148148
1 0.40703125 0.525 0.021354166666666667 0.09444444444444444
1 0.475 0.5324074074074074 0.021875 0.1111111111111111
1 0.5432291666666667 0.5333333333333333 0.028125 0.11296296296296296
1 0.6088541666666667 0.5291666666666667 0.029166666666666667 0.09351851851851851
1 0.40598958333333335 0.6324074074074074 0.019270833333333334 0.11296296296296296
1 0.5109375 0.6319444444444444 0.01875 0.11388888888888889
1 0.6169270833333333 0.6365740740740741 0.021354166666666667 0.11574074074074074
1 0.34036458333333336 0.7347222222222223 0.018229166666666668 0.11203703703703703
1 0.47578125 0.7351851851851852 0.0171875 0.11481481481481481
1 0.4440104166666667 0.8314814814814815 0.0203125 0.037037037037037035
0 0.34661458333333334 0.5902777777777778 0.021354166666666667 0.030555555555555555
