1 0.5361979166666667 0.17777777777777778 0.0171875 0.10555555555555556
1 0.5161458333333333 0.2537037037037037 0.014583333333333334 0.07777777777777778
1 0.6356770833333333 0.2564814814814815 0.015104166666666667 0.07592592592592592
1 0.6489583333333333 0.3365740740740741 0.014583333333333334 0.06574074074074074
1 0.5518229166666667 0.33564814814814814 0.016145833333333335 0.06944444444444445
1 0.45390625 0.3337962962962963 0.0171875 0.062037037037037036
1 0.3416666666666667 0.4351851851851852 0.015625 0.1111111111111111
1 0.40546875 0.43472222222222223 0.018229166666666668 0.11203703703703703
1 0.47213541666666664 0.4375 0.016145833333333335 0.11018518518518519
1 0.5372395833333333 0.43842592592592594 0.018229166666666668 0.11203703703703703
1 0.6026041666666667 0.4375 0.015625 0.11203703703703703
1 0.6377604166666667 0.5351851851851852 0.0140625 0.11481481481481481
1 0.57109375 0.5347222222222222 0.0171875 0.11574074074074074
1 0.5028645833333333 0.5333333333333333 0.015104166666666667 0.11666666666666667
1 0.4359375 0.524074074074074 0.016666666666666666 0.1
1 0.3692708333333333 0.5300925925925926 0.015625 0.11388888888888889
1 0.440625 0.6333333333333333 0.016666666666666666 0.11851851851851852
1 0.5463541666666667 0.6328703703703704 0.017708333333333333 0.11388888888888889
0 0.5981770833333333 0.5902777777777778 0.024479166666666666 0.03796296296296296
1 0.6518229166666667 0.6356481481481482 0.016145833333333335 0.11574074074074074
1 0.51640625 0.7379629629629629 0.019270833333333334 0.1111111111111111
1 0.37994791666666666 0.7351851851851852 0.0171875 0.11296296296296296
1 0.521875 0.8328703703703704 0.021875 0.03981481481481482
