1 0.5356770833333333 0.17777777777777778 0.015104166666666667 0.0962962962962963
1 0.5270833333333333 0.25277777777777777 0.015625 0.06851851851851852
1 0.6466145833333333 0.2550925925925926 0.0140625 0.06944444444444445
1 0.6479166666666667 0.3375 0.013541666666666667 0.0712962962962963
1 0.55078125 0.33611111111111114 0.016145833333333335 0.07222222222222222
1 0.45416666666666666 0.33425925925925926 0.015625 0.07037037037037037
1 0.38828125 0.42824074074074076 0.0171875 0.075
1 0.45208333333333334 0.42592592592592593 0.015625 0.06851851851851852
1 0.51796875 0.42824074074074076 0.015104166666666667 0.07314814814814814
1 0.5833333333333334 0.4310185185185185 0.014583333333333334 0.07314814814814814
1 0.6479166666666667 0.4324074074074074 0.014583333333333334 0.07222222222222222
1 0.35833333333333334 0.5300925925925926 0.016666666666666666 0.11203703703703703
1 0.42552083333333335 0.5310185185185186 0.01875 0.11018518518518519
1 0.49270833333333336 0.5319444444444444 0.016666666666666666 0.11203703703703703
1 0.5588541666666667 0.5324074074074074 0.014583333333333334 0.10925925925925926
1 0.6270833333333333 0.5337962962962963 0.014583333333333334 0.10833333333333334
0 0.5765625 0.5796296296296296 0.01875 0.037037037037037035
1 0.440625 0.6305555555555555 0.016666666666666666 0.11296296296296296
1 0.5455729166666666 0.6328703703703704 0.016145833333333335 0.11574074074074074
1 0.6518229166666667 0.6351851851851852 0.0171875 0.11666666666666667
1 0.390625 0.7361111111111112 0.015625 0.11851851851851852
1 0.528125 0.7388888888888889 0.016666666666666666 0.11666666666666667
1 0.5213541666666667 0.8333333333333334 0.020833333333333332 0.03888888888888889
