1 0.53515625 0.17916666666666667 0.016145833333333335 0.09907407407407408
1 0.5276041666666667 0.25277777777777777 0.013541666666666667 0.06666666666666667
1 0.646875 0.25416666666666665 0.014583333333333334 0.06574074074074074
1 0.6484375 0.3398148148148148 0.014583333333333334 0.07777777777777778
1 0.5505208333333333 0.33935185185185185 0.015625 0.07685185185185185
1 0.4544270833333333 0.3365740740740741 0.0171875 0.07314814814814814
1 0.3411458333333333 0.43333333333333335 0.016666666666666666 0.10555555555555556
1 0.40390625 0.4351851851851852 0.018229166666666668 0.10555555555555556
1 0.4700520833333333 0.4361111111111111 0.019270833333333334 0.10555555555555556
1 0.5359375 0.43703703703703706 0.01875 0.10555555555555556
1 0.6010416666666667 0.43703703703703706 0.013541666666666667 0.1037037037037037
1 0.35442708333333334 0.5291666666666667 0.0171875 0.10277777777777777
1 0.42161458333333335 0.5296296296296297 0.016145833333333335 0.1037037037037037
1 0.48880208333333336 0.5305555555555556 0.016145833333333335 0.1037037037037037
1 0.5557291666666667 0.5328703703703703 0.015625 0.10277777777777777
1 0.6223958333333334 0.5333333333333333 0.014583333333333334 0.10555555555555556
0 0.5765625 0.5800925925925926 0.019791666666666666 0.03796296296296296
1 0.4390625 0.6351851851851852 0.016666666666666666 0.11666666666666667
1 0.5463541666666667 0.6328703703703704 0.015625 0.11574074074074074
1 0.6515625 0.6347222222222222 0.017708333333333333 0.11944444444444445
1 0.5270833333333333 0.7375 0.016666666666666666 0.1175925925925926
1 0.39088541666666665 0.7347222222222223 0.0171875 0.11388888888888889
1 0.521875 0.837037037037037 0.025 0.04259259259259259
