1 0.5361979166666667 0.17916666666666667 0.0140625 0.09907407407407408
1 0.5276041666666667 0.25277777777777777 0.016666666666666666 0.06851851851851852
1 0.646875 0.25462962962962965 0.015625 0.06666666666666667
1 0.6484375 0.337037037037037 0.015625 0.06481481481481481
1 0.5515625 0.33611111111111114 0.016666666666666666 0.06666666666666667
1 0.4549479166666667 0.33425925925925926 0.0171875 0.06481481481481481
1 0.34010416666666665 0.43333333333333335 0.016666666666666666 0.1111111111111111
1 0.40520833333333334 0.4375 0.015625 0.11203703703703703
1 0.47109375 0.43472222222222223 0.0171875 0.11574074074074074
1 0.5356770833333333 0.43703703703703706 0.018229166666666668 0.11296296296296296
1 0.6010416666666667 0.43842592592592594 0.017708333333333333 0.10833333333333334
1 0.371875 0.5254629629629629 0.01875 0.09351851851851851
1 0.4393229166666667 0.5263888888888889 0.021354166666666667 0.09722222222222222
1 0.50625 0.5282407407407408 0.019791666666666666 0.09537037037037037
1 0.5723958333333333 0.5273148148148148 0.015625 0.09351851851851851
0 0.5911458333333334 0.5703703703703704 0.01875 0.037037037037037035
1 0.6403645833333333 0.5296296296296297 0.016145833333333335 0.09444444444444444
1 0.65234375 0.6347222222222222 0.0171875 0.11574074074074074
1 0.54609375 0.6333333333333333 0.0171875 0.11666666666666667
1 0.44114583333333335 0.6319444444444444 0.01875 0.11944444444444445
1 0.39088541666666665 0.7356481481481482 0.016145833333333335 0.1175925925925926
1 0.5270833333333333 0.7388888888888889 0.016666666666666666 0.11851851851851852
1 0.521875 0.8319444444444445 0.020833333333333332 0.041666666666666664
