1 0.5361979166666667 0.17824074074074073 0.016145833333333335 0.09907407407407408
1 0.5278645833333333 0.2518518518518518 0.016145833333333335 0.06851851851851852
1 0.6473958333333333 0.2518518518518518 0.015625 0.07222222222222222
1 0.6481770833333333 0.337037037037037 0.018229166666666668 0.07037037037037037
1 0.5510416666666667 0.33564814814814814 0.017708333333333333 0.06759259259259259
1 0.45390625 0.33287037037037037 0.0171875 0.06388888888888888
1 0.3533854166666667 0.43148148148148147 0.018229166666666668 0.1037037037037037
1 0.41692708333333334 0.43472222222222223 0.0171875 0.10277777777777777
1 0.48359375 0.43703703703703706 0.018229166666666668 0.10555555555555556
1 0.5505208333333333 0.43657407407407406 0.021875 0.10833333333333334
1 0.61484375 0.43842592592592594 0.016145833333333335 0.10462962962962963
1 0.6450520833333333 0.5300925925925926 0.016145833333333335 0.09537037037037037
1 0.5796875 0.5333333333333333 0.016666666666666666 0.1037037037037037
1 0.5119791666666667 0.5305555555555556 0.014583333333333334 0.09814814814814815
1 0.44479166666666664 0.5254629629629629 0.016666666666666666 0.09537037037037037
1 0.37734375 0.5273148148148148 0.0171875 0.10092592592592593
1 0.440625 0.6319444444444444 0.017708333333333333 0.11574074074074074
1 0.5455729166666666 0.6333333333333333 0.016145833333333335 0.11666666666666667
1 0.6518229166666667 0.6347222222222222 0.0171875 0.11944444444444445
1 0.52734375 0.7393518518518518 0.018229166666666668 0.11944444444444445
1 0.39088541666666665 0.737037037037037 0.0171875 0.12037037037037036
1 0.5221354166666666 0.8333333333333334 0.022395833333333334 0.040740740740740744
0 0.6125 0.5694444444444444 0.021875 0.03888888888888889
