0 0.60234375 0.375 0.022395833333333334 0.037037037037037035
1 0.5359375 0.17916666666666667 0.01875 0.09907407407407408
1 0.52734375 0.2550925925925926 0.018229166666666668 0.06759259259259259
1 0.6473958333333333 0.2537037037037037 0.016666666666666666 0.06666666666666667
1 0.49947916666666664 0.3314814814814815 0.01875 0.046296296296296294
1 0.59609375 0.3296296296296296 0.013020833333333334 0.03518518518518519
1 0.403125 0.32731481481481484 0.017708333333333333 0.041666666666666664
1 0.3875 0.4203703703703704 0.015625 0.037037037037037035
1 0.453125 0.41944444444444445 0.017708333333333333 0.037037037037037035
1 0.5174479166666667 0.42407407407407405 0.015104166666666667 0.037037037037037035
1 0.5830729166666667 0.42407407407407405 0.018229166666666668 0.03888888888888889
1 0.6497395833333334 0.4217592592592593 0.015104166666666667 0.03981481481481482
1 0.35546875 0.5259259259259259 0.022395833333333334 0.08518518518518518
1 0.4197916666666667 0.525 0.020833333333333332 0.09444444444444444
1 0.48828125 0.5282407407407408 0.021354166666666667 0.09722222222222222
1 0.55625 0.5287037037037037 0.019791666666666666 0.09074074074074075
1 0.6223958333333334 0.5287037037037037 0.020833333333333332 0.09074074074074075
1 0.44114583333333335 0.6324074074074074 0.023958333333333335 0.12222222222222222
1 0.5450520833333333 0.6347222222222222 0.0203125 0.1175925925925926
1 0.6526041666666667 0.6356481481481482 0.022916666666666665 0.12129629629629629
1 0.52734375 0.736574074074074 0.0203125 0.125
1 0.39088541666666665 0.736574074074074 0.019270833333333334 0.12314814814814815
1 0.5213541666666667 0.837037037037037 0.022916666666666665 0.046296296296296294
