1 0.5119791666666667 0.18055555555555555 0.016666666666666666 0.1
1 0.4518229166666667 0.2601851851851852 0.016145833333333335 0.10555555555555556
1 0.57109375 0.262037037037037 0.015104166666666667 0.10555555555555556
1 0.5838541666666667 0.3458333333333333 0.017708333333333333 0.10092592592592593
1 0.4859375 0.3439814814814815 0.015625 0.10092592592592593
1 0.39036458333333335 0.3449074074074074 0.0171875 0.09537037037037037
1 0.3888020833333333 0.4222222222222222 0.015104166666666667 0.05925925925925926
1 0.45260416666666664 0.4203703703703704 0.015625 0.06111111111111111
1 0.5174479166666667 0.42407407407407405 0.019270833333333334 0.06481481481481481
1 0.5838541666666667 0.425462962962963 0.017708333333333333 0.062037037037037036
1 0.6471354166666666 0.42453703703703705 0.0203125 0.06388888888888888
1 0.3190104166666667 0.5277777777777778 0.0203125 0.1
1 0.3859375 0.5282407407407408 0.019791666666666666 0.10092592592592593
1 0.453125 0.5291666666666667 0.017708333333333333 0.09907407407407408
1 0.5205729166666667 0.5319444444444444 0.019270833333333334 0.10092592592592593
1 0.5875 0.5324074074074074 0.019791666666666666 0.10185185185185185
1 0.6520833333333333 0.6342592592592593 0.017708333333333333 0.11481481481481481
1 0.54609375 0.6319444444444444 0.015104166666666667 0.11388888888888889
1 0.44166666666666665 0.6324074074074074 0.017708333333333333 0.1111111111111111
1 0.5057291666666667 0.7217592592592592 0.014583333333333334 0.062037037037037036
1 0.3692708333333333 0.7189814814814814 0.020833333333333332 0.06388888888888888
1 0.45338541666666665 0.8314814814814815 0.0203125 0.03888888888888889
