0 0.44921875 0.39305555555555555 0.0203125 0.030555555555555555
1 0.46484375 0.17777777777777778 0.018229166666666668 0.1037037037037037
1 0.38229166666666664 0.2587962962962963 0.021875 0.10462962962962963
1 0.5013020833333334 0.2574074074074074 0.0265625 0.09444444444444444
1 0.5276041666666667 0.34629629629629627 0.017708333333333333 0.1037037037037037
1 0.43072916666666666 0.3458333333333333 0.016666666666666666 0.10648148148148148
1 0.33359375 0.34305555555555556 0.016145833333333335 0.10277777777777777
1 0.38723958333333336 0.4217592592592593 0.015104166666666667 0.062037037037037036
1 0.45208333333333334 0.42314814814814816 0.016666666666666666 0.05740740740740741
1 0.5177083333333333 0.4217592592592593 0.016666666666666666 0.062037037037037036
1 0.5838541666666667 0.42314814814814816 0.017708333333333333 0.05925925925925926
1 0.6486979166666667 0.42407407407407405 0.0171875 0.06296296296296296
1 0.31927083333333334 0.5277777777777778 0.019791666666666666 0.10185185185185185
1 0.3859375 0.5277777777777778 0.01875 0.1037037037037037
1 0.453125 0.5287037037037037 0.017708333333333333 0.10185185185185185
1 0.5205729166666667 0.5310185185185186 0.018229166666666668 0.10277777777777777
1 0.5856770833333333 0.5314814814814814 0.015104166666666667 0.1
1 0.6505208333333333 0.6337962962962963 0.020833333333333332 0.11574074074074074
1 0.54609375 0.6337962962962963 0.0171875 0.1175925925925926
1 0.440625 0.6324074074074074 0.016666666666666666 0.11481481481481481
1 0.35651041666666666 0.7194444444444444 0.0203125 0.06481481481481481
1 0.49375 0.7222222222222222 0.017708333333333333 0.06111111111111111
1 0.44505208333333335 0.8324074074074074 0.0203125 0.03333333333333333
