0 0.47734375 0.4009259259259259 0.016145833333333335 0.027777777777777776
1 0.5171875 0.1787037037037037 0.015625 0.1037037037037037
1 0.52734375 0.26157407407407407 0.015104166666666667 0.10648148148148148
1 0.4083333333333333 0.26064814814814813 0.015625 0.10277777777777777
1 0.3658854166666667 0.3425925925925926 0.0140625 0.10555555555555556
1 0.4640625 0.3453703703703704 0.014583333333333334 0.10555555555555556
1 0.5622395833333333 0.3476851851851852 0.0171875 0.10648148148148148
1 0.3888020833333333 0.42083333333333334 0.018229166666666668 0.06018518518518518
1 0.45260416666666664 0.4222222222222222 0.017708333333333333 0.06481481481481481
1 0.5182291666666666 0.42314814814814816 0.017708333333333333 0.06296296296296296
1 0.584375 0.42314814814814816 0.019791666666666666 0.06296296296296296
1 0.6494791666666667 0.42314814814814816 0.019791666666666666 0.06111111111111111
1 0.58671875 0.5310185185185186 0.016145833333333335 0.10462962962962963
1 0.5203125 0.5305555555555556 0.017708333333333333 0.1037037037037037
1 0.453125 0.5282407407407408 0.017708333333333333 0.10092592592592593
1 0.38567708333333334 0.5282407407407408 0.018229166666666668 0.10648148148148148
1 0.31953125 0.5268518518518519 0.0203125 0.1037037037037037
1 0.44088541666666664 0.6333333333333333 0.018229166666666668 0.11851851851851852
1 0.5466145833333333 0.6319444444444444 0.0171875 0.12129629629629629
1 0.6520833333333333 0.6361111111111111 0.01875 0.12037037037037036
1 0.359375 0.7199074074074074 0.019791666666666666 0.062037037037037036
1 0.49557291666666664 0.7226851851851852 0.018229166666666668 0.062037037037037036
1 0.44375 0.8337962962962963 0.022916666666666665 0.03611111111111111
