0 0.4427083333333333 0.39305555555555555 0.007291666666666667 0.028703703703703703
1 0.45625 0.18009259259259258 0.017708333333333333 0.10092592592592593
1 0.38515625 0.262037037037037 0.018229166666666668 0.10925925925925926
1 0.5049479166666667 0.26064814814814813 0.018229166666666668 0.10648148148148148
1 0.3536458333333333 0.3458333333333333 0.016666666666666666 0.11018518518518519
1 0.44947916666666665 0.34120370370370373 0.017708333333333333 0.09907407407407408
1 0.5471354166666667 0.3476851851851852 0.0171875 0.10833333333333334
1 0.5184895833333333 0.42083333333333334 0.0171875 0.06388888888888888
1 0.5828125 0.42268518518518516 0.016666666666666666 0.06574074074074074
1 0.64921875 0.4217592592592593 0.018229166666666668 0.06574074074074074
1 0.45234375 0.41944444444444445 0.021354166666666667 0.06851851851851852
1 0.38776041666666666 0.4185185185185185 0.019270833333333334 0.06296296296296296
1 0.31927083333333334 0.5291666666666667 0.022916666666666665 0.11203703703703703
1 0.3859375 0.5287037037037037 0.021875 0.10925925925925926
1 0.45286458333333335 0.5300925925925926 0.0203125 0.10462962962962963
1 0.5190104166666667 0.5300925925925926 0.022395833333333334 0.11018518518518519
1 0.5864583333333333 0.5296296296296297 0.015625 0.1111111111111111
1 0.65078125 0.6351851851851852 0.019270833333333334 0.12222222222222222
1 0.5458333333333333 0.6337962962962963 0.021875 0.1175925925925926
1 0.4393229166666667 0.6314814814814815 0.019270833333333334 0.11481481481481481
1 0.49322916666666666 0.7217592592592592 0.017708333333333333 0.05648148148148148
1 0.3567708333333333 0.7162037037037037 0.020833333333333332 0.05648148148148148
1 0.44427083333333334 0.8319444444444445 0.019791666666666666 0.03981481481481482
