0 0.44973958333333336 0.387037037037037 0.0203125 0.027777777777777776
1 0.53203125 0.17824074074074073 0.016145833333333335 0.10277777777777777
1 0.5739583333333333 0.26157407407407407 0.016666666666666666 0.10648148148148148
1 0.4544270833333333 0.25925925925925924 0.0171875 0.09814814814814815
1 0.44895833333333335 0.3398148148148148 0.016666666666666666 0.0962962962962963
1 0.54609375 0.3458333333333333 0.016145833333333335 0.11018518518518519
1 0.35208333333333336 0.3421296296296296 0.015625 0.10277777777777777
1 0.3885416666666667 0.4185185185185185 0.019791666666666666 0.06481481481481481
1 0.45260416666666664 0.41712962962962963 0.01875 0.06388888888888888
1 0.5192708333333333 0.4203703703703704 0.016666666666666666 0.06851851851851852
1 0.5828125 0.4199074074074074 0.01875 0.06759259259259259
1 0.6481770833333333 0.42268518518518516 0.018229166666666668 0.062037037037037036
1 0.5872395833333334 0.5333333333333333 0.0171875 0.1037037037037037
1 0.5208333333333334 0.5324074074074074 0.021875 0.10740740740740741
1 0.4518229166666667 0.5282407407407408 0.015104166666666667 0.10277777777777777
1 0.3848958333333333 0.5287037037037037 0.019791666666666666 0.1037037037037037
1 0.31979166666666664 0.5296296296296297 0.01875 0.1
1 0.440625 0.6333333333333333 0.01875 0.12037037037037036
1 0.54609375 0.6337962962962963 0.0171875 0.1175925925925926
1 0.65234375 0.6375 0.0171875 0.11944444444444445
1 0.49322916666666666 0.7226851851851852 0.01875 0.06018518518518518
1 0.3567708333333333 0.7212962962962963 0.021875 0.06296296296296296
1 0.4393229166666667 0.8300925925925926 0.0234375 0.03981481481481482
