0 0.44947916666666665 0.3861111111111111 0.019791666666666666 0.02962962962962963
1 0.53203125 0.17962962962962964 0.0171875 0.10740740740740741
1 0.5713541666666667 0.26157407407407407 0.015625 0.10462962962962963
1 0.4513020833333333 0.25787037037037036 0.0171875 0.10092592592592593
1 0.3359375 0.3388888888888889 0.020833333333333332 0.08703703703703704
1 0.43255208333333334 0.33935185185185185 0.018229166666666668 0.08796296296296297
1 0.5286458333333334 0.34074074074074073 0.014583333333333334 0.08333333333333333
1 0.6494791666666667 0.42314814814814816 0.016666666666666666 0.06666666666666667
1 0.58359375 0.42268518518518516 0.0203125 0.06388888888888888
1 0.5184895833333333 0.4203703703703704 0.0203125 0.07222222222222222
1 0.45338541666666665 0.4199074074074074 0.0171875 0.06944444444444445
1 0.38776041666666666 0.41898148148148145 0.021354166666666667 0.06759259259259259
1 0.31927083333333334 0.524537037037037 0.01875 0.10277777777777777
1 0.38567708333333334 0.5273148148148148 0.018229166666666668 0.10277777777777777
1 0.45286458333333335 0.5296296296296297 0.018229166666666668 0.1
1 0.51953125 0.5291666666666667 0.0171875 0.10462962962962963
1 0.5864583333333333 0.5319444444444444 0.016666666666666666 0.10277777777777777
1 0.44114583333333335 0.6333333333333333 0.016666666666666666 0.11851851851851852
1 0.5450520833333333 0.6337962962962963 0.018229166666666668 0.11944444444444445
1 0.65234375 0.6370370370370371 0.021354166666666667 0.12407407407407407
1 0.49296875 0.7208333333333333 0.018229166666666668 0.06388888888888888
1 0.35625 0.7189814814814814 0.01875 0.062037037037037036
1 0.44088541666666664 0.8310185185185185 0.0234375 0.03981481481481482
