0 0.44895833333333335 0.38657407407407407 0.020833333333333332 0.032407407407407406
1 0.5122395833333333 0.17824074074074073 0.019270833333333334 0.09722222222222222
1 0.48151041666666666 0.2550925925925926 0.016145833333333335 0.07685185185185185
1 0.6013020833333333 0.2569444444444444 0.018229166666666668 0.08055555555555556
1 0.5294270833333333 0.3453703703703704 0.021354166666666667 0.1
1 0.43333333333333335 0.3439814814814815 0.015625 0.09907407407407408
1 0.33671875 0.3421296296296296 0.019270833333333334 0.09351851851851851
1 0.3888020833333333 0.41944444444444445 0.016145833333333335 0.06666666666666667
1 0.45234375 0.4222222222222222 0.0171875 0.06481481481481481
1 0.51875 0.4212962962962963 0.017708333333333333 0.06296296296296296
1 0.5846354166666666 0.42407407407407405 0.0171875 0.06851851851851852
1 0.6505208333333333 0.4236111111111111 0.016666666666666666 0.06388888888888888
1 0.31875 0.5259259259259259 0.01875 0.1
1 0.38567708333333334 0.5259259259259259 0.0203125 0.09814814814814815
1 0.453125 0.5291666666666667 0.019791666666666666 0.09722222222222222
1 0.5208333333333334 0.5310185185185186 0.016666666666666666 0.09907407407407408
1 0.5861979166666667 0.5310185185185186 0.018229166666666668 0.09907407407407408
1 0.65078125 0.6375 0.019270833333333334 0.11944444444444445
1 0.5471354166666667 0.6319444444444444 0.019270833333333334 0.1175925925925926
1 0.44140625 0.6319444444444444 0.0203125 0.11574074074074074
1 0.35598958333333336 0.7199074074074074 0.019270833333333334 0.06574074074074074
1 0.4921875 0.7231481481481481 0.014583333333333334 0.06296296296296296
1 0.44114583333333335 0.8324074074074074 0.022916666666666665 0.03888888888888889
