0 0.45 0.38564814814814813 0.019791666666666666 0.03611111111111111
1 0.53203125 0.18333333333333332 0.018229166666666668 0.09814814814814815
1 0.44869791666666664 0.2537037037037037 0.021354166666666667 0.07962962962962963
1 0.5677083333333334 0.2574074074074074 0.019791666666666666 0.08148148148148149
1 0.53125 0.34444444444444444 0.019791666666666666 0.1037037037037037
1 0.43307291666666664 0.3439814814814815 0.0203125 0.10092592592592593
1 0.33515625 0.3425925925925926 0.018229166666666668 0.10185185185185185
1 0.3885416666666667 0.41898148148148145 0.019791666666666666 0.07314814814814814
1 0.45286458333333335 0.42314814814814816 0.021354166666666667 0.06851851851851852
1 0.5182291666666666 0.4199074074074074 0.021875 0.0712962962962963
1 0.5830729166666667 0.4212962962962963 0.022395833333333334 0.07037037037037037
1 0.6479166666666667 0.42268518518518516 0.023958333333333335 0.06944444444444445
1 0.5869791666666667 0.5310185185185186 0.020833333333333332 0.10092592592592593
1 0.51953125 0.5310185185185186 0.021354166666666667 0.10092592592592593
1 0.45234375 0.5287037037037037 0.021354166666666667 0.1
1 0.38567708333333334 0.5268518518518519 0.022395833333333334 0.1
1 0.32005208333333335 0.5268518518518519 0.022395833333333334 0.09814814814814815
1 0.44140625 0.6319444444444444 0.021354166666666667 0.12314814814814815
1 0.5466145833333333 0.6347222222222222 0.019270833333333334 0.125
1 0.6518229166666667 0.6351851851851852 0.025520833333333333 0.12222222222222222
1 0.35651041666666666 0.7245370370370371 0.0265625 0.07685185185185185
1 0.49270833333333336 0.7203703703703703 0.020833333333333332 0.06296296296296296
1 0.44166666666666665 0.8291666666666667 0.022916666666666665 0.04722222222222222
