0 0.44947916666666665 0.387037037037037 0.019791666666666666 0.03518518518518519
1 0.5346354166666667 0.18055555555555555 0.0203125 0.10555555555555556
1 0.4393229166666667 0.25555555555555554 0.0203125 0.07592592592592592
1 0.5580729166666667 0.25324074074074077 0.0171875 0.07685185185185185
1 0.5294270833333333 0.34444444444444444 0.0171875 0.1037037037037037
1 0.4354166666666667 0.3449074074074074 0.019791666666666666 0.10092592592592593
1 0.3375 0.3449074074074074 0.01875 0.10462962962962963
1 0.3888020833333333 0.41898148148148145 0.0203125 0.06759259259259259
1 0.45286458333333335 0.4212962962962963 0.0203125 0.06851851851851852
1 0.51796875 0.4217592592592593 0.018229166666666668 0.06574074074074074
1 0.5838541666666667 0.42407407407407405 0.01875 0.07222222222222222
1 0.64921875 0.4263888888888889 0.021354166666666667 0.06944444444444445
1 0.5864583333333333 0.5305555555555556 0.01875 0.10185185185185185
1 0.51953125 0.5291666666666667 0.018229166666666668 0.09907407407407408
1 0.45260416666666664 0.5277777777777778 0.017708333333333333 0.09814814814814815
1 0.38619791666666664 0.5273148148148148 0.0203125 0.09722222222222222
1 0.31927083333333334 0.5254629629629629 0.019791666666666666 0.10092592592592593
1 0.4401041666666667 0.6319444444444444 0.015625 0.1175925925925926
1 0.54609375 0.6328703703703704 0.019270833333333334 0.125
1 0.6520833333333333 0.6356481481481482 0.01875 0.12685185185185185
1 0.49114583333333334 0.7236111111111111 0.020833333333333332 0.06018518518518518
1 0.35703125 0.7208333333333333 0.019270833333333334 0.06944444444444445
1 0.440625 0.8305555555555556 0.023958333333333335 0.040740740740740744
