1 0.49635416666666665 0.17916666666666667 0.01875 0.10648148148148148
1 0.4549479166666667 0.25787037037037036 0.018229166666666668 0.09537037037037037
1 0.5736979166666667 0.2601851851851852 0.0171875 0.10185185185185185
1 0.4317708333333333 0.3351851851851852 0.020833333333333332 0.07962962962962963
1 0.52578125 0.3333333333333333 0.016145833333333335 0.07037037037037037
1 0.6479166666666667 0.42314814814814816 0.020833333333333332 0.06666666666666667
1 0.3346354166666667 0.33611111111111114 0.021354166666666667 0.07407407407407407
1 0.3890625 0.4199074074074074 0.017708333333333333 0.06388888888888888
1 0.45260416666666664 0.4203703703703704 0.016666666666666666 0.06851851851851852
1 0.5184895833333333 0.41944444444444445 0.0171875 0.06851851851851852
1 0.58359375 0.42453703703703705 0.018229166666666668 0.06759259259259259
1 0.5859375 0.5319444444444444 0.016666666666666666 0.09722222222222222
1 0.51953125 0.5291666666666667 0.0171875 0.09537037037037037
1 0.45338541666666665 0.5282407407407408 0.018229166666666668 0.09722222222222222
1 0.38567708333333334 0.5254629629629629 0.019270833333333334 0.09537037037037037
1 0.31875 0.5282407407407408 0.019791666666666666 0.09722222222222222
1 0.44140625 0.6328703703703704 0.018229166666666668 0.11574074074074074
1 0.5458333333333333 0.6324074074074074 0.019791666666666666 0.12037037037037036
1 0.6505208333333333 0.6347222222222222 0.01875 0.11574074074074074
1 0.49244791666666665 0.725925925925926 0.018229166666666668 0.06296296296296296
1 0.35703125 0.7199074074074074 0.019270833333333334 0.06574074074074074
1 0.44036458333333334 0.8337962962962963 0.024479166666666666 0.03796296296296296
