0 0.44895833333333335 0.3875 0.019791666666666666 0.03425925925925926
1 0.5315104166666667 0.1824074074074074 0.0171875 0.10555555555555556
1 0.46796875 0.25462962962962965 0.0234375 0.07777777777777778
1 0.5885416666666666 0.25555555555555554 0.020833333333333332 0.08703703703703704
1 0.5296875 0.3453703703703704 0.019791666666666666 0.10185185185185185
1 0.43307291666666664 0.3449074074074074 0.019270833333333334 0.10277777777777777
1 0.3375 0.3439814814814815 0.017708333333333333 0.10277777777777777
1 0.3890625 0.4199074074074074 0.01875 0.06574074074074074
1 0.45338541666666665 0.4222222222222222 0.019270833333333334 0.06296296296296296
1 0.5184895833333333 0.4222222222222222 0.019270833333333334 0.06666666666666667
1 0.5838541666666667 0.4212962962962963 0.020833333333333332 0.06666666666666667
1 0.6494791666666667 0.4222222222222222 0.019791666666666666 0.06851851851851852
1 0.32005208333333335 0.5273148148148148 0.019270833333333334 0.10277777777777777
1 0.3848958333333333 0.5296296296296297 0.022916666666666665 0.10185185185185185
1 0.45234375 0.5268518518518519 0.019270833333333334 0.10555555555555556
1 0.51953125 0.5282407407407408 0.0171875 0.10462962962962963
1 0.5859375 0.5291666666666667 0.017708333333333333 0.10277777777777777
1 0.6510416666666666 0.6356481481481482 0.019791666666666666 0.12129629629629629
1 0.546875 0.6333333333333333 0.019791666666666666 0.12222222222222222
1 0.44088541666666664 0.6324074074074074 0.0203125 0.11851851851851852
1 0.35703125 0.7189814814814814 0.019270833333333334 0.06944444444444445
1 0.49244791666666665 0.7222222222222222 0.019270833333333334 0.06666666666666667
1 0.44088541666666664 0.8305555555555556 0.0234375 0.04259259259259259
