0 0.44947916666666665 0.387037037037037 0.019791666666666666 0.03333333333333333
1 0.53515625 0.18287037037037038 0.0140625 0.11203703703703703
1 0.5697916666666667 0.25416666666666665 0.016666666666666666 0.08055555555555556
1 0.45078125 0.2523148148148148 0.019270833333333334 0.0712962962962963
1 0.33515625 0.3449074074074074 0.0203125 0.10092592592592593
1 0.43307291666666664 0.3458333333333333 0.019270833333333334 0.10277777777777777
1 0.5302083333333333 0.3449074074074074 0.017708333333333333 0.10277777777777777
1 0.38828125 0.41898148148148145 0.016145833333333335 0.06388888888888888
1 0.45234375 0.4203703703703704 0.0203125 0.06296296296296296
1 0.5184895833333333 0.41944444444444445 0.016145833333333335 0.06666666666666667
1 0.5825520833333333 0.42268518518518516 0.0203125 0.06944444444444445
1 0.6489583333333333 0.4236111111111111 0.016666666666666666 0.06944444444444445
1 0.3184895833333333 0.5263888888888889 0.019270833333333334 0.09722222222222222
1 0.38567708333333334 0.5287037037037037 0.019270833333333334 0.1037037037037037
1 0.453125 0.5287037037037037 0.01875 0.1
1 0.5190104166666667 0.5310185185185186 0.019270833333333334 0.09907407407407408
1 0.5861979166666667 0.5324074074074074 0.018229166666666668 0.1
1 0.65078125 0.6361111111111111 0.022395833333333334 0.11851851851851852
1 0.5453125 0.6328703703703704 0.021875 0.12129629629629629
1 0.440625 0.6328703703703704 0.022916666666666665 0.1175925925925926
1 0.35703125 0.7217592592592592 0.021354166666666667 0.06759259259259259
1 0.4921875 0.7212962962962963 0.019791666666666666 0.06481481481481481
1 0.44036458333333334 0.8305555555555556 0.025520833333333333 0.044444444444444446
