0 0.44921875 0.387037037037037 0.019270833333333334 0.03518518518518519
1 0.53515625 0.18009259259259258 0.015104166666666667 0.11018518518518519
1 0.4401041666666667 0.2523148148148148 0.016666666666666666 0.07685185185185185
1 0.5588541666666667 0.2537037037037037 0.017708333333333333 0.07407407407407407
1 0.53125 0.34675925925925927 0.019791666666666666 0.10648148148148148
1 0.434375 0.34305555555555556 0.019791666666666666 0.10462962962962963
1 0.3377604166666667 0.3435185185185185 0.022395833333333334 0.1
1 0.38671875 0.41805555555555557 0.016145833333333335 0.06944444444444445
1 0.45286458333333335 0.42083333333333334 0.019270833333333334 0.06574074074074074
1 0.51875 0.4212962962962963 0.020833333333333332 0.06851851851851852
1 0.5838541666666667 0.42083333333333334 0.020833333333333332 0.06759259259259259
1 0.64921875 0.42314814814814816 0.0203125 0.07037037037037037
1 0.31953125 0.5277777777777778 0.0203125 0.10185185185185185
1 0.38515625 0.5277777777777778 0.0203125 0.1037037037037037
1 0.45338541666666665 0.5277777777777778 0.021354166666666667 0.10185185185185185
1 0.5192708333333333 0.5310185185185186 0.015625 0.09907407407407408
1 0.5859375 0.5310185185185186 0.01875 0.09907407407407408
1 0.6505208333333333 0.6361111111111111 0.017708333333333333 0.12222222222222222
1 0.546875 0.6351851851851852 0.017708333333333333 0.12037037037037036
1 0.44166666666666665 0.6337962962962963 0.01875 0.11944444444444445
1 0.49270833333333336 0.7203703703703703 0.016666666666666666 0.06111111111111111
1 0.35572916666666665 0.7194444444444444 0.020833333333333332 0.06296296296296296
1 0.4393229166666667 0.8310185185185185 0.024479166666666666 0.04537037037037037
