0 0.45 0.3861111111111111 0.01875 0.03888888888888889
1 0.4942708333333333 0.16666666666666666 0.017708333333333333 0.08333333333333333
1 0.49713541666666666 0.24722222222222223 0.024479166666666666 0.07777777777777778
1 0.61640625 0.2564814814814815 0.028645833333333332 0.10185185185185185
1 0.5325520833333334 0.3453703703703704 0.0171875 0.10740740740740741
1 0.43307291666666664 0.3402777777777778 0.022395833333333334 0.10277777777777777
1 0.3380208333333333 0.34120370370370373 0.021875 0.10092592592592593
1 0.38723958333333336 0.41388888888888886 0.018229166666666668 0.05925925925925926
1 0.44947916666666665 0.41574074074074074 0.020833333333333332 0.06851851851851852
1 0.5169270833333334 0.42083333333333334 0.019270833333333334 0.06944444444444445
1 0.58359375 0.4217592592592593 0.019270833333333334 0.06388888888888888
1 0.6484375 0.4222222222222222 0.022916666666666665 0.06666666666666667
1 0.31979166666666664 0.5268518518518519 0.016666666666666666 0.09814814814814815
1 0.3854166666666667 0.524537037037037 0.021875 0.10648148148148148
1 0.45390625 0.5291666666666667 0.0203125 0.10648148148148148
1 0.5203125 0.5305555555555556 0.015625 0.10185185185185185
1 0.5864583333333333 0.5310185185185186 0.019791666666666666 0.09537037037037037
1 0.6510416666666666 0.6393518518518518 0.01875 0.12314814814814815
1 0.5473958333333333 0.6347222222222222 0.022916666666666665 0.11574074074074074
1 0.44140625 0.6319444444444444 0.0203125 0.1175925925925926
1 0.49192708333333335 0.7217592592592592 0.0171875 0.06018518518518518
1 0.35651041666666666 0.7199074074074074 0.022395833333333334 0.06944444444444445
1 0.440625 0.8310185185185185 0.021875 0.041666666666666664
