1 0.49244791666666665 0.18009259259259258 0.0234375 0.10648148148148148
1 0.46041666666666664 0.25833333333333336 0.01875 0.1
1 0.5802083333333333 0.2564814814814815 0.015625 0.0962962962962963
1 0.6263020833333334 0.3486111111111111 0.016145833333333335 0.10833333333333334
1 0.52890625 0.34120370370370373 0.021354166666666667 0.10462962962962963
1 0.4317708333333333 0.3398148148148148 0.017708333333333333 0.1037037037037037
1 0.45364583333333336 0.4162037037037037 0.021875 0.075
1 0.3893229166666667 0.41759259259259257 0.0203125 0.07037037037037037
1 0.51796875 0.41944444444444445 0.0203125 0.06296296296296296
1 0.5825520833333333 0.42268518518518516 0.022395833333333334 0.06388888888888888
1 0.6494791666666667 0.42407407407407405 0.017708333333333333 0.06666666666666667
1 0.5888020833333333 0.5282407407407408 0.018229166666666668 0.10092592592592593
1 0.5229166666666667 0.5268518518518519 0.017708333333333333 0.09259259259259259
1 0.45755208333333336 0.5282407407407408 0.0171875 0.09166666666666666
1 0.39114583333333336 0.5268518518518519 0.019791666666666666 0.09259259259259259
1 0.32369791666666664 0.5263888888888889 0.019270833333333334 0.09351851851851851
1 0.4390625 0.6328703703703704 0.01875 0.11574074074074074
1 0.54765625 0.6337962962962963 0.016145833333333335 0.11944444444444445
1 0.6528645833333333 0.6356481481481482 0.0140625 0.11944444444444445
1 0.49244791666666665 0.7231481481481481 0.016145833333333335 0.05555555555555555
1 0.3546875 0.7189814814814814 0.020833333333333332 0.06018518518518518
1 0.44114583333333335 0.8310185185185185 0.020833333333333332 0.03611111111111111
