1 0.49166666666666664 0.17777777777777778 0.016666666666666666 0.10185185185185185
1 0.45390625 0.25555555555555554 0.018229166666666668 0.08333333333333333
1 0.5721354166666667 0.2587962962962963 0.016145833333333335 0.08611111111111111
1 0.3885416666666667 0.41805555555555557 0.017708333333333333 0.062037037037037036
1 0.45364583333333336 0.41898148148148145 0.021875 0.0712962962962963
1 0.5200520833333333 0.41574074074074074 0.0203125 0.06481481481481481
1 0.5833333333333334 0.42268518518518516 0.020833333333333332 0.06944444444444445
1 0.64921875 0.4212962962962963 0.016145833333333335 0.06851851851851852
1 0.31875 0.525 0.021875 0.09259259259259259
1 0.38515625 0.525 0.022395833333333334 0.0962962962962963
1 0.4513020833333333 0.5268518518518519 0.019270833333333334 0.09444444444444444
1 0.5205729166666667 0.5282407407407408 0.0171875 0.09907407407407408
1 0.5859375 0.5314814814814814 0.016666666666666666 0.0962962962962963
1 0.6518229166666667 0.637962962962963 0.022395833333333334 0.11666666666666667
1 0.5442708333333334 0.6310185185185185 0.019791666666666666 0.11388888888888889
1 0.4393229166666667 0.6337962962962963 0.0171875 0.11944444444444445
1 0.49296875 0.7245370370370371 0.018229166666666668 0.06759259259259259
1 0.35442708333333334 0.7203703703703703 0.0171875 0.06481481481481481
1 0.4390625 0.8300925925925926 0.026041666666666668 0.04537037037037037
