1 0.4505208333333333 0.5125 0.014583333333333334 0.049074074074074076
1 0.42734375 0.5458333333333333 0.013020833333333334 0.058333333333333334
1 0.5028645833333333 0.5416666666666666 0.0109375 0.05740740740740741
1 0.34401041666666665 0.5884259259259259 0.015104166666666667 0.05648148148148148
1 0.40911458333333334 0.5861111111111111 0.0140625 0.05925925925925926
1 0.47421875 0.5791666666666667 0.011979166666666667 0.05277777777777778
1 0.37890625 0.6282407407407408 0.013020833333333334 0.03425925925925926
1 0.42552083333333335 0.6236111111111111 0.0125 0.03611111111111111
1 0.47213541666666664 0.6226851851851852 0.0140625 0.03425925925925926
1 0.5174479166666667 0.6189814814814815 0.015104166666666667 0.03611111111111111
1 0.5611979166666666 0.6162037037037037 0.0171875 0.032407407407407406
1 0.32708333333333334 0.6884259259259259 0.015625 0.0824074074074074
1 0.3768229166666667 0.6856481481481481 0.015104166666666667 0.08055555555555556
1 0.42630208333333336 0.6819444444444445 0.013020833333333334 0.08055555555555556
1 0.4765625 0.6810185185185185 0.015625 0.075
1 0.5234375 0.674537037037037 0.0125 0.075
1 0.5809895833333333 0.7342592592592593 0.018229166666666668 0.09074074074074075
1 0.5 0.7393518518518518 0.015625 0.08611111111111111
1 0.4192708333333333 0.7421296296296296 0.013541666666666667 0.08981481481481482
1 0.46145833333333336 0.7981481481481482 0.016666666666666666 0.06481481481481481
1 0.3494791666666667 0.8069444444444445 0.01875 0.06388888888888888
1 0.41875 0.8791666666666667 0.019791666666666666 0.05462962962962963
