1 0.44921875 0.5087962962962963 0.011979166666666667 0.05092592592592592
1 0.42473958333333334 0.5430555555555555 0.011979166666666667 0.05648148148148148
1 0.5013020833333334 0.5402777777777777 0.0140625 0.05462962962962963
1 0.47291666666666665 0.5768518518518518 0.011458333333333333 0.05
1 0.40859375 0.5851851851851851 0.0140625 0.05555555555555555
1 0.3421875 0.5861111111111111 0.014583333333333334 0.053703703703703705
1 0.37838541666666664 0.6259259259259259 0.0140625 0.037037037037037035
1 0.42421875 0.6236111111111111 0.011979166666666667 0.03611111111111111
1 0.4705729166666667 0.6212962962962963 0.0109375 0.03888888888888889
1 0.51640625 0.6185185185185185 0.0109375 0.04259259259259259
1 0.56171875 0.6180555555555556 0.008854166666666666 0.04351851851851852
1 0.3260416666666667 0.6888888888888889 0.015625 0.07592592592592592
1 0.37734375 0.6847222222222222 0.0140625 0.075
1 0.4276041666666667 0.6828703703703703 0.013541666666666667 0.075
1 0.47604166666666664 0.6782407407407407 0.0125 0.07685185185185185
1 0.52421875 0.6754629629629629 0.0140625 0.0787037037037037
1 0.57890625 0.7351851851851852 0.021354166666666667 0.09259259259259259
1 0.4986979166666667 0.736574074074074 0.019270833333333334 0.09166666666666666
1 0.41640625 0.7430555555555556 0.015104166666666667 0.08981481481481482
1 0.3463541666666667 0.8171296296296297 0.011458333333333333 0.10092592592592593
1 0.459375 0.8009259259259259 0.014583333333333334 0.07592592592592592
1 0.42890625 0.8787037037037037 0.019270833333333334 0.03888888888888889
