1 0.44869791666666664 0.5111111111111111 0.0109375 0.05
1 0.42552083333333335 0.5467592592592593 0.011458333333333333 0.058333333333333334
1 0.5028645833333333 0.5425925925925926 0.0109375 0.053703703703703705
1 0.4747395833333333 0.5819444444444445 0.009895833333333333 0.049074074074074076
1 0.41015625 0.5879629629629629 0.011979166666666667 0.04814814814814815
1 0.34375 0.5879629629629629 0.015625 0.046296296296296294
1 0.36796875 0.6296296296296297 0.011979166666666667 0.02962962962962963
1 0.41380208333333335 0.6282407407407408 0.013020833333333334 0.028703703703703703
1 0.4596354166666667 0.6277777777777778 0.013020833333333334 0.03888888888888889
1 0.50546875 0.6222222222222222 0.0140625 0.03333333333333333
1 0.5518229166666667 0.6175925925925926 0.013020833333333334 0.03148148148148148
1 0.3609375 0.6898148148148148 0.017708333333333333 0.07777777777777778
1 0.4109375 0.6828703703703703 0.014583333333333334 0.075
1 0.459375 0.6824074074074075 0.015625 0.07777777777777778
1 0.5106770833333333 0.675 0.016145833333333335 0.08148148148148149
1 0.5567708333333333 0.674074074074074 0.015625 0.07592592592592592
1 0.58125 0.7375 0.017708333333333333 0.08981481481481482
1 0.49973958333333335 0.7398148148148148 0.0171875 0.08888888888888889
1 0.41796875 0.7453703703703703 0.011979166666666667 0.09074074074074075
1 0.4661458333333333 0.8023148148148148 0.011458333333333333 0.0824074074074074
1 0.3528645833333333 0.8203703703703704 0.015104166666666667 0.09814814814814815
1 0.43697916666666664 0.8787037037037037 0.015625 0.03518518518518519
