0 0.46015625 0.6430555555555556 0.013020833333333334 0.023148148148148147
1 0.4466145833333333 0.5069444444444444 0.009895833333333333 0.049074074074074076
1 0.4239583333333333 0.5435185185185185 0.0125 0.05740740740740741
1 0.5015625 0.5398148148148149 0.0125 0.05740740740740741
1 0.47213541666666664 0.575925925925926 0.0140625 0.046296296296296294
1 0.4078125 0.5805555555555556 0.013541666666666667 0.046296296296296294
1 0.33932291666666664 0.5842592592592593 0.016145833333333335 0.040740740740740744
1 0.36796875 0.6236111111111111 0.0140625 0.03425925925925926
1 0.41328125 0.6240740740740741 0.0109375 0.024074074074074074
1 0.45859375 0.6152777777777778 0.0109375 0.028703703703703703
1 0.5052083333333334 0.6152777777777778 0.016666666666666666 0.03425925925925926
1 0.5513020833333333 0.6138888888888889 0.015104166666666667 0.037037037037037035
1 0.384375 0.6703703703703704 0.017708333333333333 0.03888888888888889
1 0.33671875 0.6759259259259259 0.0171875 0.04259259259259259
1 0.4356770833333333 0.6675925925925926 0.0171875 0.03518518518518519
1 0.48489583333333336 0.6657407407407407 0.013541666666666667 0.03518518518518519
1 0.5330729166666667 0.6652777777777777 0.008854166666666666 0.04722222222222222
1 0.47734375 0.7337962962962963 0.019270833333333334 0.09351851851851851
1 0.3958333333333333 0.7458333333333333 0.021875 0.08796296296296297
1 0.31276041666666665 0.7490740740740741 0.015104166666666667 0.09259259259259259
1 0.34765625 0.8157407407407408 0.0171875 0.10185185185185185
1 0.4609375 0.7972222222222223 0.015625 0.08518518518518518
1 0.43385416666666665 0.8787037037037037 0.01875 0.04814814814814815
