0 0.38984375 0.6453703703703704 0.0171875 0.024074074074074074
1 0.42109375 0.5050925925925925 0.0140625 0.049074074074074076
1 0.4044270833333333 0.5324074074074074 0.0140625 0.044444444444444446
1 0.4828125 0.5365740740740741 0.014583333333333334 0.05462962962962963
1 0.46927083333333336 0.5722222222222222 0.014583333333333334 0.044444444444444446
1 0.40546875 0.5745370370370371 0.015104166666666667 0.04537037037037037
1 0.33958333333333335 0.5773148148148148 0.014583333333333334 0.04351851851851852
1 0.3424479166666667 0.6231481481481481 0.011979166666666667 0.03518518518518519
1 0.3875 0.6180555555555556 0.017708333333333333 0.030555555555555555
1 0.4348958333333333 0.6166666666666667 0.0125 0.03148148148148148
1 0.48046875 0.6134259259259259 0.013020833333333334 0.032407407407407406
1 0.5265625 0.611574074074074 0.011458333333333333 0.03611111111111111
1 0.3333333333333333 0.6717592592592593 0.013541666666666667 0.04537037037037037
1 0.38385416666666666 0.6703703703703704 0.016666666666666666 0.040740740740740744
1 0.4328125 0.6666666666666666 0.015625 0.046296296296296294
1 0.48333333333333334 0.6625 0.0125 0.04537037037037037
1 0.5309895833333333 0.6625 0.011979166666666667 0.05092592592592592
1 0.4752604166666667 0.7351851851851852 0.015104166666666667 0.09444444444444444
1 0.3932291666666667 0.7412037037037037 0.017708333333333333 0.08796296296296297
1 0.30911458333333336 0.7421296296296296 0.016145833333333335 0.08981481481481482
1 0.31927083333333334 0.8166666666666667 0.0125 0.1037037037037037
1 0.4317708333333333 0.799537037037037 0.011458333333333333 0.08611111111111111
1 0.4 0.8726851851851852 0.020833333333333332 0.05648148148148148
