0 0.3731770833333333 0.6486111111111111 0.011979166666666667 0.025
1 0.4200520833333333 0.5078703703703704 0.009895833333333333 0.05277777777777778
1 0.40572916666666664 0.5361111111111111 0.009375 0.040740740740740744
1 0.4830729166666667 0.5370370370370371 0.011979166666666667 0.05
1 0.46979166666666666 0.5708333333333333 0.010416666666666666 0.03981481481481482
1 0.4046875 0.575925925925926 0.013541666666666667 0.040740740740740744
1 0.3375 0.5796296296296296 0.015625 0.03888888888888889
1 0.3455729166666667 0.6194444444444445 0.0109375 0.037037037037037035
1 0.38984375 0.6199074074074075 0.015104166666666667 0.03796296296296296
1 0.43671875 0.6166666666666667 0.008854166666666666 0.03518518518518519
1 0.48333333333333334 0.6134259259259259 0.0125 0.03796296296296296
1 0.52890625 0.6106481481481482 0.009895833333333333 0.03611111111111111
1 0.5294270833333333 0.6699074074074074 0.0140625 0.08055555555555556
1 0.48151041666666666 0.6699074074074074 0.0140625 0.07685185185185185
1 0.43125 0.6754629629629629 0.0125 0.0824074074074074
1 0.3815104166666667 0.6787037037037037 0.011979166666666667 0.07962962962962963
1 0.33098958333333334 0.6814814814814815 0.011979166666666667 0.07962962962962963
1 0.30963541666666666 0.7421296296296296 0.0140625 0.0824074074074074
1 0.39166666666666666 0.7425925925925926 0.011458333333333333 0.08518518518518518
1 0.475 0.7324074074074074 0.0125 0.08888888888888889
1 0.3109375 0.8138888888888889 0.015625 0.1
1 0.42578125 0.8013888888888889 0.0140625 0.08796296296296297
1 0.4002604166666667 0.8731481481481481 0.018229166666666668 0.05555555555555555
