0 0.39895833333333336 0.44675925925925924 0.019791666666666666 0.041666666666666664
1 0.45677083333333335 0.17824074074074073 0.015625 0.10092592592592593
1 0.43203125 0.25324074074074077 0.019270833333333334 0.08055555555555556
1 0.5518229166666667 0.25601851851851853 0.0140625 0.08055555555555556
1 0.5283854166666667 0.33055555555555555 0.016145833333333335 0.046296296296296294
1 0.42994791666666665 0.32916666666666666 0.0234375 0.05092592592592592
1 0.334375 0.3277777777777778 0.022916666666666665 0.04814814814814815
1 0.3494791666666667 0.4222222222222222 0.019791666666666666 0.040740740740740744
1 0.41432291666666665 0.42083333333333334 0.019270833333333334 0.03796296296296296
1 0.4796875 0.4212962962962963 0.01875 0.03888888888888889
1 0.54609375 0.4217592592592593 0.018229166666666668 0.03981481481481482
1 0.6104166666666667 0.42314814814814816 0.01875 0.03888888888888889
1 0.6174479166666667 0.5157407407407407 0.019270833333333334 0.040740740740740744
1 0.54921875 0.5152777777777777 0.022395833333333334 0.04722222222222222
1 0.48098958333333336 0.5120370370370371 0.021354166666666667 0.044444444444444446
1 0.4153645833333333 0.5101851851851852 0.0203125 0.040740740740740744
1 0.3484375 0.5083333333333333 0.027083333333333334 0.03888888888888889
1 0.309375 0.6291666666666667 0.016666666666666666 0.11944444444444445
1 0.41484375 0.6305555555555555 0.018229166666666668 0.11851851851851852
1 0.52109375 0.6347222222222222 0.015104166666666667 0.12314814814814815
1 0.45651041666666664 0.736574074074074 0.0203125 0.1175925925925926
1 0.321875 0.7375 0.01875 0.11018518518518519
1 0.42578125 0.8337962962962963 0.022395833333333334 0.041666666666666664
