0 0.4276041666666667 0.6805555555555556 0.019791666666666666 0.03888888888888889
1 0.45703125 0.17824074074074073 0.016145833333333335 0.10277777777777777
1 0.43255208333333334 0.25324074074074077 0.018229166666666668 0.07314814814814814
1 0.5513020833333333 0.2550925925925926 0.0171875 0.0712962962962963
1 0.5276041666666667 0.3300925925925926 0.0125 0.03981481481481482
1 0.42994791666666665 0.32592592592592595 0.0171875 0.04259259259259259
1 0.3338541666666667 0.32685185185185184 0.019791666666666666 0.03888888888888889
1 0.33255208333333336 0.43333333333333335 0.018229166666666668 0.1037037037037037
1 0.39739583333333334 0.4356481481481482 0.016666666666666666 0.10462962962962963
1 0.4630208333333333 0.43796296296296294 0.016666666666666666 0.10555555555555556
1 0.52890625 0.43842592592592594 0.015104166666666667 0.10462962962962963
1 0.5932291666666667 0.4398148148148148 0.013541666666666667 0.1
1 0.6302083333333334 0.5254629629629629 0.01875 0.06944444444444445
1 0.5653645833333333 0.5212962962962963 0.021354166666666667 0.06296296296296296
1 0.4981770833333333 0.5203703703703704 0.021354166666666667 0.06481481481481481
1 0.43255208333333334 0.5185185185185185 0.022395833333333334 0.06851851851851852
1 0.36666666666666664 0.5162037037037037 0.022916666666666665 0.06759259259259259
1 0.32708333333333334 0.6333333333333333 0.016666666666666666 0.11296296296296296
1 0.4309895833333333 0.6328703703703704 0.019270833333333334 0.11388888888888889
1 0.53671875 0.6365740740740741 0.019270833333333334 0.12129629629629629
1 0.4479166666666667 0.7393518518518518 0.01875 0.11574074074074074
1 0.3106770833333333 0.7388888888888889 0.018229166666666668 0.11481481481481481
1 0.42552083333333335 0.8319444444444445 0.020833333333333332 0.04537037037037037
