0 0.37421875 0.638425925925926 0.018229166666666668 0.028703703703703703
1 0.5080729166666667 0.1787037037037037 0.016145833333333335 0.1037037037037037
1 0.4921875 0.2611111111111111 0.016666666666666666 0.10555555555555556
1 0.6125 0.26342592592592595 0.015625 0.10648148148148148
1 0.5268229166666667 0.3287037037037037 0.0171875 0.037037037037037035
1 0.43046875 0.3287037037037037 0.015104166666666667 0.040740740740740744
1 0.334375 0.32685185185185184 0.019791666666666666 0.03888888888888889
1 0.34375 0.42916666666666664 0.019791666666666666 0.07685185185185185
1 0.4075520833333333 0.42916666666666664 0.019270833333333334 0.07685185185185185
1 0.4739583333333333 0.4305555555555556 0.017708333333333333 0.07407407407407407
1 0.5395833333333333 0.4305555555555556 0.017708333333333333 0.07592592592592592
1 0.6052083333333333 0.43194444444444446 0.016666666666666666 0.07685185185185185
1 0.6046875 0.5324074074074074 0.014583333333333334 0.10555555555555556
1 0.5388020833333333 0.5314814814814814 0.016145833333333335 0.10740740740740741
1 0.471875 0.5300925925925926 0.020833333333333332 0.10462962962962963
1 0.4036458333333333 0.5296296296296297 0.01875 0.10740740740740741
1 0.3372395833333333 0.5277777777777778 0.0203125 0.10555555555555556
1 0.3651041666666667 0.6162037037037037 0.021875 0.04351851851851852
1 0.46901041666666665 0.6203703703703703 0.0171875 0.044444444444444446
1 0.5755208333333334 0.6208333333333333 0.01875 0.04351851851851852
1 0.453125 0.7324074074074074 0.019791666666666666 0.09259259259259259
1 0.3171875 0.7319444444444444 0.023958333333333335 0.09351851851851851
1 0.42578125 0.8310185185185185 0.021354166666666667 0.03981481481481482
