0 0.51875 0.6990740740740741 0.021875 0.037037037037037035
1 0.50859375 0.18009259259259258 0.018229166666666668 0.10462962962962963
1 0.44140625 0.2601851851851852 0.0171875 0.10740740740740741
1 0.5604166666666667 0.26064814814814813 0.015625 0.10462962962962963
1 0.5270833333333333 0.32916666666666666 0.017708333333333333 0.04537037037037037
1 0.43020833333333336 0.3287037037037037 0.016666666666666666 0.04814814814814815
1 0.33541666666666664 0.32731481481481484 0.020833333333333332 0.04722222222222222
1 0.3888020833333333 0.425 0.0203125 0.05925925925925926
1 0.45364583333333336 0.425462962962963 0.01875 0.058333333333333334
1 0.5184895833333333 0.42685185185185187 0.018229166666666668 0.05925925925925926
1 0.5838541666666667 0.4273148148148148 0.017708333333333333 0.06018518518518518
1 0.6484375 0.42962962962962964 0.016666666666666666 0.06111111111111111
1 0.31875 0.5273148148148148 0.017708333333333333 0.10648148148148148
1 0.3854166666666667 0.5291666666666667 0.01875 0.11388888888888889
1 0.4518229166666667 0.5296296296296297 0.018229166666666668 0.1111111111111111
1 0.5208333333333334 0.5300925925925926 0.017708333333333333 0.10833333333333334
1 0.5872395833333334 0.5319444444444444 0.018229166666666668 0.11018518518518519
1 0.4192708333333333 0.6337962962962963 0.016666666666666666 0.12129629629629629
1 0.5244791666666667 0.6342592592592593 0.01875 0.11851851851851852
1 0.6302083333333334 0.6356481481481482 0.020833333333333332 0.12129629629629629
1 0.48151041666666666 0.7203703703703703 0.019270833333333334 0.053703703703703705
1 0.3463541666666667 0.7185185185185186 0.021875 0.053703703703703705
1 0.43854166666666666 0.8291666666666667 0.021875 0.04351851851851852
