0 0.5184895833333333 0.6990740740740741 0.021354166666666667 0.03518518518518519
1 0.5213541666666667 0.18009259259259258 0.01875 0.10648148148148148
1 0.48776041666666664 0.25416666666666665 0.018229166666666668 0.08611111111111111
1 0.6080729166666666 0.2587962962962963 0.016145833333333335 0.08796296296296297
1 0.5268229166666667 0.3333333333333333 0.0203125 0.05925925925925926
1 0.43072916666666666 0.3337962962962963 0.019791666666666666 0.06388888888888888
1 0.3341145833333333 0.3314814814814815 0.022395833333333334 0.06296296296296296
1 0.3893229166666667 0.4273148148148148 0.0203125 0.06944444444444445
1 0.45260416666666664 0.42916666666666664 0.01875 0.06944444444444445
1 0.5182291666666666 0.4287037037037037 0.017708333333333333 0.07037037037037037
1 0.5846354166666666 0.4300925925925926 0.018229166666666668 0.0712962962962963
1 0.6497395833333334 0.43194444444444446 0.015104166666666667 0.0712962962962963
1 0.31927083333333334 0.5287037037037037 0.017708333333333333 0.1111111111111111
1 0.38515625 0.5305555555555556 0.019270833333333334 0.1111111111111111
1 0.45234375 0.5314814814814814 0.018229166666666668 0.11666666666666667
1 0.5203125 0.5324074074074074 0.01875 0.11296296296296296
1 0.5869791666666667 0.5328703703703703 0.01875 0.1175925925925926
1 0.41848958333333336 0.6324074074074074 0.0171875 0.12037037037037036
1 0.5247395833333334 0.6337962962962963 0.0203125 0.1175925925925926
1 0.6309895833333333 0.6351851851851852 0.019270833333333334 0.12037037037037036
1 0.5921875 0.725925925925926 0.01875 0.06481481481481481
1 0.45807291666666666 0.7240740740740741 0.018229166666666668 0.06481481481481481
1 0.4864583333333333 0.8379629629629629 0.021875 0.027777777777777776
