1 0.5213541666666667 0.18009259259259258 0.016666666666666666 0.11018518518518519
1 0.48854166666666665 0.25601851851851853 0.01875 0.08611111111111111
1 0.6080729166666666 0.2574074074074074 0.0171875 0.08703703703703704
1 0.52734375 0.3351851851851852 0.018229166666666668 0.06481481481481481
1 0.43125 0.3337962962962963 0.021875 0.06759259259259259
1 0.334375 0.3314814814814815 0.020833333333333332 0.06296296296296296
1 0.3885416666666667 0.4263888888888889 0.01875 0.07314814814814814
1 0.45260416666666664 0.42592592592592593 0.020833333333333332 0.07592592592592592
1 0.51953125 0.42824074074074076 0.0203125 0.07314814814814814
1 0.58359375 0.4310185185185185 0.022395833333333334 0.075
1 0.64921875 0.43194444444444446 0.0171875 0.07685185185185185
1 0.5872395833333334 0.5333333333333333 0.0171875 0.11666666666666667
1 0.5205729166666667 0.5300925925925926 0.0171875 0.11018518518518519
1 0.45234375 0.5319444444444444 0.0171875 0.11574074074074074
1 0.3848958333333333 0.5300925925925926 0.017708333333333333 0.11203703703703703
1 0.31875 0.5287037037037037 0.01875 0.11296296296296296
1 0.3098958333333333 0.6314814814814815 0.01875 0.11666666666666667
1 0.41510416666666666 0.6328703703703704 0.01875 0.1175925925925926
1 0.5205729166666667 0.6328703703703704 0.019270833333333334 0.1175925925925926
1 0.4713541666666667 0.7189814814814814 0.016666666666666666 0.04537037037037037
1 0.609375 0.7208333333333333 0.017708333333333333 0.049074074074074076
