0 0.35963541666666665 0.7837962962962963 0.022395833333333334 0.04351851851851852
1 0.5046875 0.18009259259259258 0.01875 0.10462962962962963
1 0.46041666666666664 0.25462962962962965 0.016666666666666666 0.07592592592592592
1 0.5807291666666666 0.25324074074074077 0.016666666666666666 0.07314814814814814
1 0.5276041666666667 0.3351851851851852 0.017708333333333333 0.06851851851851852
1 0.4309895833333333 0.3337962962962963 0.019270833333333334 0.06759259259259259
1 0.33489583333333334 0.33194444444444443 0.020833333333333332 0.06388888888888888
1 0.35703125 0.42685185185185187 0.0203125 0.07222222222222222
1 0.42213541666666665 0.42777777777777776 0.018229166666666668 0.07037037037037037
1 0.48723958333333334 0.4273148148148148 0.019270833333333334 0.07685185185185185
1 0.55234375 0.4305555555555556 0.0171875 0.07222222222222222
1 0.6171875 0.4305555555555556 0.016666666666666666 0.07407407407407407
1 0.3182291666666667 0.5273148148148148 0.014583333333333334 0.10462962962962963
1 0.38515625 0.5296296296296297 0.0171875 0.10555555555555556
1 0.45234375 0.5305555555555556 0.0171875 0.10740740740740741
1 0.5200520833333333 0.5310185185185186 0.0171875 0.10648148148148148
1 0.5859375 0.5328703703703703 0.01875 0.10462962962962963
1 0.32864583333333336 0.6212962962962963 0.021875 0.07962962962962963
1 0.4328125 0.6240740740740741 0.020833333333333332 0.07592592592592592
1 0.5388020833333333 0.6268518518518519 0.018229166666666668 0.08148148148148149
1 0.3807291666666667 0.7388888888888889 0.020833333333333332 0.11666666666666667
1 0.5171875 0.7398148148148148 0.020833333333333332 0.12222222222222222
1 0.42552083333333335 0.8328703703703704 0.025 0.05277777777777778
