1 0.49947916666666664 0.17777777777777778 0.019791666666666666 0.10555555555555556
1 0.44921875 0.25601851851851853 0.018229166666666668 0.0824074074074074
1 0.5684895833333333 0.2564814814814815 0.018229166666666668 0.08333333333333333
1 0.5276041666666667 0.3347222222222222 0.019791666666666666 0.06574074074074074
1 0.43072916666666666 0.3347222222222222 0.020833333333333332 0.06944444444444445
1 0.3341145833333333 0.33287037037037037 0.0234375 0.06574074074074074
1 0.3611979166666667 0.425462962962963 0.0203125 0.06574074074074074
1 0.42578125 0.4273148148148148 0.019270833333333334 0.06574074074074074
1 0.4903645833333333 0.4263888888888889 0.0203125 0.0712962962962963
1 0.55546875 0.4273148148148148 0.018229166666666668 0.06574074074074074
1 0.62109375 0.4300925925925926 0.016145833333333335 0.06944444444444445
1 0.3190104166666667 0.5282407407407408 0.016145833333333335 0.10277777777777777
1 0.3846354166666667 0.5277777777777778 0.019270833333333334 0.10740740740740741
1 0.45234375 0.5296296296296297 0.018229166666666668 0.10555555555555556
1 0.5203125 0.5300925925925926 0.017708333333333333 0.10462962962962963
1 0.5859375 0.5324074074074074 0.017708333333333333 0.10555555555555556
1 0.5401041666666667 0.6231481481481481 0.017708333333333333 0.07222222222222222
1 0.43645833333333334 0.6203703703703703 0.021875 0.06666666666666667
1 0.3328125 0.6189814814814815 0.021875 0.06574074074074074
1 0.31354166666666666 0.7328703703703704 0.019791666666666666 0.10648148148148148
1 0.45 0.7347222222222223 0.01875 0.10277777777777777
1 0.42473958333333334 0.836574074074074 0.022395833333333334 0.05092592592592592
