0 0.35052083333333334 0.7768518518518519 0.021875 0.040740740740740744
1 0.4869791666666667 0.1726851851851852 0.017708333333333333 0.10462962962962963
1 0.46588541666666666 0.24768518518518517 0.019270833333333334 0.06944444444444445
1 0.584375 0.2449074074074074 0.016666666666666666 0.06944444444444445
1 0.57734375 0.32546296296296295 0.016145833333333335 0.05648148148148148
1 0.48020833333333335 0.324537037037037 0.017708333333333333 0.06018518518518518
1 0.384375 0.32685185185185184 0.019791666666666666 0.05925925925925926
1 0.34140625 0.41805555555555557 0.0203125 0.05462962962962963
1 0.4049479166666667 0.4185185185185185 0.0203125 0.06111111111111111
1 0.46979166666666666 0.41759259259259257 0.019791666666666666 0.05740740740740741
1 0.5354166666666667 0.4185185185185185 0.017708333333333333 0.05925925925925926
1 0.6010416666666667 0.41898148148148145 0.01875 0.058333333333333334
1 0.3299479166666667 0.524074074074074 0.018229166666666668 0.10555555555555556
1 0.396875 0.5231481481481481 0.017708333333333333 0.10740740740740741
1 0.46458333333333335 0.5231481481481481 0.016666666666666666 0.10555555555555556
1 0.5317708333333333 0.5236111111111111 0.019791666666666666 0.10648148148148148
1 0.59765625 0.5226851851851851 0.019270833333333334 0.10648148148148148
1 0.5307291666666667 0.6171296296296296 0.019791666666666666 0.06574074074074074
1 0.4265625 0.6138888888888889 0.022916666666666665 0.06851851851851852
1 0.321875 0.6129629629629629 0.022916666666666665 0.06851851851851852
1 0.32526041666666666 0.7314814814814815 0.0203125 0.11481481481481481
1 0.46119791666666665 0.7310185185185185 0.021354166666666667 0.11574074074074074
1 0.415625 0.8263888888888888 0.023958333333333335 0.04537037037037037
