0 0.34140625 0.7768518518518519 0.021354166666666667 0.040740740740740744
1 0.47109375 0.17037037037037037 0.019270833333333334 0.10555555555555556
1 0.44557291666666665 0.2449074074074074 0.018229166666666668 0.0712962962962963
1 0.5651041666666666 0.24444444444444444 0.01875 0.07037037037037037
1 0.5674479166666667 0.32407407407407407 0.0171875 0.06111111111111111
1 0.471875 0.3226851851851852 0.019791666666666666 0.062037037037037036
1 0.37578125 0.32314814814814813 0.019270833333333334 0.05555555555555555
1 0.33619791666666665 0.4273148148148148 0.018229166666666668 0.11388888888888889
1 0.39947916666666666 0.4300925925925926 0.017708333333333333 0.11203703703703703
1 0.46536458333333336 0.4273148148148148 0.0171875 0.11944444444444445
1 0.5317708333333333 0.42777777777777776 0.019791666666666666 0.11481481481481481
1 0.5966145833333333 0.42824074074074076 0.0203125 0.11203703703703703
1 0.32057291666666665 0.5212962962962963 0.018229166666666668 0.10555555555555556
1 0.3875 0.5226851851851851 0.01875 0.10462962962962963
1 0.4549479166666667 0.5226851851851851 0.019270833333333334 0.10648148148148148
1 0.5221354166666666 0.5222222222222223 0.019270833333333334 0.10740740740740741
1 0.5890625 0.525 0.01875 0.10925925925925926
1 0.5520833333333334 0.6236111111111111 0.01875 0.12129629629629629
1 0.4471354166666667 0.6268518518518519 0.019270833333333334 0.11666666666666667
1 0.3419270833333333 0.6226851851851852 0.022395833333333334 0.11574074074074074
1 0.32395833333333335 0.7305555555555555 0.019791666666666666 0.11481481481481481
1 0.46041666666666664 0.7268518518518519 0.020833333333333332 0.12037037037037036
1 0.41354166666666664 0.8263888888888888 0.026041666666666668 0.05462962962962963
