0 0.33567708333333335 0.775 0.021354166666666667 0.040740740740740744
1 0.47161458333333334 0.1685185185185185 0.018229166666666668 0.10555555555555556
1 0.446875 0.24305555555555555 0.01875 0.06944444444444445
1 0.5661458333333333 0.24259259259259258 0.01875 0.06851851851851852
1 0.5013020833333334 0.3226851851851852 0.019270833333333334 0.06018518518518518
1 0.4046875 0.3236111111111111 0.020833333333333332 0.06388888888888888
1 0.3072916666666667 0.324537037037037 0.023958333333333335 0.06759259259259259
1 0.31875 0.42314814814814816 0.020833333333333332 0.08888888888888889
1 0.38385416666666666 0.42083333333333334 0.019791666666666666 0.08611111111111111
1 0.44817708333333334 0.42314814814814816 0.0203125 0.08703703703703704
1 0.5143229166666666 0.42314814814814816 0.0203125 0.09259259259259259
1 0.58046875 0.42268518518518516 0.0171875 0.09166666666666666
1 0.5609375 0.5231481481481481 0.01875 0.11481481481481481
1 0.49453125 0.5226851851851851 0.0203125 0.11574074074074074
1 0.4278645833333333 0.5199074074074074 0.022395833333333334 0.11388888888888889
1 0.3619791666666667 0.5194444444444445 0.023958333333333335 0.11296296296296296
1 0.29401041666666666 0.5217592592592593 0.018229166666666668 0.11018518518518519
1 0.31276041666666665 0.6171296296296296 0.0234375 0.09907407407407408
1 0.41770833333333335 0.6189814814814815 0.022916666666666665 0.08981481481481482
1 0.5229166666666667 0.6189814814814815 0.020833333333333332 0.09537037037037037
1 0.4546875 0.7273148148148149 0.020833333333333332 0.12129629629629629
1 0.31875 0.7282407407407407 0.01875 0.1175925925925926
1 0.4083333333333333 0.825925925925926 0.023958333333333335 0.04814814814814815
