1 0.47682291666666665 0.1685185185185185 0.018229166666666668 0.10555555555555556
1 0.45390625 0.2439814814814815 0.018229166666666668 0.0712962962962963
1 0.5729166666666666 0.24305555555555555 0.017708333333333333 0.06759259259259259
1 0.49895833333333334 0.32175925925925924 0.019791666666666666 0.06388888888888888
1 0.40208333333333335 0.3236111111111111 0.021875 0.06759259259259259
1 0.3065104166666667 0.32083333333333336 0.022395833333333334 0.06018518518518518
1 0.3497395833333333 0.41805555555555557 0.018229166666666668 0.08796296296296297
1 0.4140625 0.4166666666666667 0.020833333333333332 0.08888888888888889
1 0.4796875 0.4166666666666667 0.019791666666666666 0.09444444444444444
1 0.5455729166666666 0.42083333333333334 0.021354166666666667 0.09351851851851851
1 0.6098958333333333 0.42268518518518516 0.019791666666666666 0.09907407407407408
1 0.290625 0.5212962962962963 0.017708333333333333 0.11481481481481481
1 0.3572916666666667 0.5185185185185185 0.01875 0.10185185185185185
1 0.42421875 0.5199074074074074 0.022395833333333334 0.11574074074074074
1 0.49166666666666664 0.5208333333333334 0.020833333333333332 0.11018518518518519
1 0.559375 0.5217592592592593 0.019791666666666666 0.11018518518518519
1 0.5692708333333333 0.6240740740740741 0.017708333333333333 0.1259259259259259
1 0.46328125 0.6203703703703703 0.0234375 0.11666666666666667
1 0.3572916666666667 0.6208333333333333 0.021875 0.12685185185185185
1 0.4080729166666667 0.8268518518518518 0.025520833333333333 0.05555555555555555
