0 0.3572916666666667 0.5356481481481481 0.01875 0.028703703703703703
1 0.45286458333333335 0.1726851851851852 0.018229166666666668 0.10833333333333334
1 0.4278645833333333 0.24305555555555555 0.022395833333333334 0.0712962962962963
1 0.5479166666666667 0.24537037037037038 0.01875 0.07777777777777778
1 0.4986979166666667 0.3199074074074074 0.0203125 0.05277777777777778
1 0.40260416666666665 0.3212962962962963 0.021875 0.05185185185185185
1 0.30546875 0.32083333333333336 0.021354166666666667 0.05092592592592592
1 0.3098958333333333 0.41944444444444445 0.019791666666666666 0.07222222222222222
1 0.3736979166666667 0.41898148148148145 0.021354166666666667 0.06944444444444445
1 0.43984375 0.41898148148148145 0.021354166666666667 0.07314814814814814
1 0.5049479166666667 0.41944444444444445 0.019270833333333334 0.07407407407407407
1 0.5700520833333333 0.4185185185185185 0.019270833333333334 0.07407407407407407
1 0.35052083333333334 0.5055555555555555 0.019791666666666666 0.046296296296296294
1 0.4171875 0.5092592592592593 0.017708333333333333 0.03888888888888889
1 0.48333333333333334 0.5097222222222222 0.016666666666666666 0.041666666666666664
1 0.5518229166666667 0.5138888888888888 0.018229166666666668 0.044444444444444446
1 0.6171875 0.5125 0.01875 0.04351851851851852
1 0.4934895833333333 0.6208333333333333 0.018229166666666668 0.11018518518518519
1 0.38697916666666665 0.6194444444444445 0.020833333333333332 0.10555555555555556
1 0.2825520833333333 0.6226851851851852 0.019270833333333334 0.11018518518518519
1 0.33984375 0.7069444444444445 0.024479166666666666 0.058333333333333334
1 0.4869791666666667 0.7148148148148148 0.029166666666666667 0.05925925925925926
1 0.39921875 0.8268518518518518 0.028645833333333332 0.053703703703703705
