0 0.4627604166666667 0.43703703703703706 0.0203125 0.03518518518518519
1 0.46145833333333336 0.1699074074074074 0.01875 0.10833333333333334
1 0.4278645833333333 0.24722222222222223 0.019270833333333334 0.08888888888888889
1 0.5471354166666667 0.24722222222222223 0.019270833333333334 0.08888888888888889
1 0.4984375 0.3263888888888889 0.019791666666666666 0.062037037037037036
1 0.4 0.32546296296296295 0.021875 0.06759259259259259
1 0.30546875 0.32592592592592595 0.022395833333333334 0.06111111111111111
1 0.33828125 0.41388888888888886 0.019270833333333334 0.04259259259259259
1 0.4005208333333333 0.41388888888888886 0.019791666666666666 0.040740740740740744
1 0.46822916666666664 0.41574074074074074 0.01875 0.037037037037037035
1 0.5330729166666667 0.4152777777777778 0.019270833333333334 0.03981481481481482
1 0.5986979166666667 0.4148148148148148 0.018229166666666668 0.03888888888888889
1 0.30703125 0.5087962962962963 0.0234375 0.04722222222222222
1 0.37864583333333335 0.5060185185185185 0.021875 0.041666666666666664
1 0.44505208333333335 0.5055555555555555 0.021354166666666667 0.046296296296296294
1 0.5143229166666666 0.5097222222222222 0.018229166666666668 0.04537037037037037
1 0.58203125 0.5115740740740741 0.022395833333333334 0.041666666666666664
1 0.49453125 0.625462962962963 0.021354166666666667 0.12129629629629629
1 0.38723958333333336 0.625 0.0203125 0.12222222222222222
1 0.28229166666666666 0.6277777777777778 0.016666666666666666 0.12222222222222222
1 0.3645833333333333 0.7282407407407407 0.017708333333333333 0.10648148148148148
1 0.49947916666666664 0.7268518518518519 0.017708333333333333 0.1037037037037037
1 0.4640625 0.8305555555555556 0.021875 0.03333333333333333
