0 0.3419270833333333 0.4425925925925926 0.0203125 0.03888888888888889
1 0.42630208333333336 0.16944444444444445 0.0171875 0.1037037037037037
1 0.39401041666666664 0.24537037037037038 0.0203125 0.07777777777777778
1 0.5119791666666667 0.24675925925925926 0.016666666666666666 0.0787037037037037
1 0.49635416666666665 0.32407407407407407 0.017708333333333333 0.05925925925925926
1 0.40130208333333334 0.324537037037037 0.022395833333333334 0.06388888888888888
1 0.30546875 0.324537037037037 0.0203125 0.06018518518518518
1 0.3059895833333333 0.41388888888888886 0.021354166666666667 0.03888888888888889
1 0.3690104166666667 0.4148148148148148 0.019270833333333334 0.044444444444444446
1 0.43411458333333336 0.4134259259259259 0.018229166666666668 0.03796296296296296
1 0.4986979166666667 0.4148148148148148 0.0203125 0.044444444444444446
1 0.5653645833333333 0.412962962962963 0.0234375 0.040740740740740744
1 0.2908854166666667 0.5259259259259259 0.0203125 0.11481481481481481
1 0.35625 0.5254629629629629 0.017708333333333333 0.11944444444444445
1 0.4234375 0.524074074074074 0.020833333333333332 0.12222222222222222
1 0.4908854166666667 0.524074074074074 0.021354166666666667 0.11666666666666667
1 0.55859375 0.5254629629629629 0.0171875 0.1175925925925926
1 0.49270833333333336 0.6259259259259259 0.017708333333333333 0.12037037037037036
1 0.3875 0.625462962962963 0.01875 0.125
1 0.28203125 0.625 0.0203125 0.11666666666666667
1 0.30364583333333334 0.7337962962962963 0.021875 0.12314814814814815
1 0.4393229166666667 0.7310185185185185 0.0203125 0.11944444444444445
1 0.4075520833333333 0.8245370370370371 0.025520833333333333 0.049074074074074076
