0 0.37213541666666666 0.5689814814814815 0.019270833333333334 0.03796296296296296
1 0.42578125 0.17314814814814813 0.021354166666666667 0.10925925925925926
1 0.39375 0.24583333333333332 0.017708333333333333 0.07685185185185185
1 0.51328125 0.24768518518518517 0.018229166666666668 0.07685185185185185
1 0.4986979166666667 0.324537037037037 0.019270833333333334 0.058333333333333334
1 0.39869791666666665 0.32731481481481484 0.0234375 0.058333333333333334
1 0.30520833333333336 0.3226851851851852 0.022916666666666665 0.058333333333333334
1 0.29791666666666666 0.42824074074074076 0.019791666666666666 0.11388888888888889
1 0.3614583333333333 0.42777777777777776 0.01875 0.10925925925925926
1 0.42604166666666665 0.42407407407407405 0.017708333333333333 0.10740740740740741
1 0.49244791666666665 0.42314814814814816 0.018229166666666668 0.1037037037037037
1 0.5572916666666666 0.42268518518518516 0.017708333333333333 0.09722222222222222
1 0.55703125 0.524074074074074 0.0203125 0.11666666666666667
1 0.49166666666666664 0.5194444444444445 0.01875 0.1037037037037037
1 0.4239583333333333 0.5259259259259259 0.017708333333333333 0.11481481481481481
1 0.35598958333333336 0.5263888888888889 0.0171875 0.11388888888888889
1 0.290625 0.524074074074074 0.023958333333333335 0.11481481481481481
1 0.28151041666666665 0.625 0.021354166666666667 0.12222222222222222
1 0.3875 0.625462962962963 0.021875 0.12129629629629629
1 0.49244791666666665 0.624537037037037 0.0203125 0.125
1 0.275 0.7319444444444444 0.017708333333333333 0.12129629629629629
1 0.41041666666666665 0.7305555555555555 0.021875 0.11851851851851852
1 0.39791666666666664 0.8240740740740741 0.026041666666666668 0.04814814814814815
