0 0.4515625 0.5861111111111111 0.019791666666666666 0.02962962962962963
1 0.4828125 0.16342592592592592 0.017708333333333333 0.08796296296296297
1 0.4825520833333333 0.25324074074074077 0.018229166666666668 0.10833333333333334
1 0.603125 0.2490740740740741 0.016666666666666666 0.1037037037037037
1 0.5059895833333333 0.32546296296296295 0.015104166666666667 0.06574074074074074
1 0.4078125 0.32546296296296295 0.016666666666666666 0.06388888888888888
1 0.6020833333333333 0.32592592592592595 0.020833333333333332 0.06296296296296296
1 0.6166666666666667 0.4236111111111111 0.01875 0.08611111111111111
1 0.5502604166666667 0.42268518518518516 0.0171875 0.08611111111111111
1 0.48463541666666665 0.42407407407407405 0.0203125 0.08518518518518518
1 0.41848958333333336 0.42314814814814816 0.019270833333333334 0.08703703703703704
1 0.35572916666666665 0.4222222222222222 0.022916666666666665 0.08518518518518518
1 0.321875 0.5236111111111111 0.017708333333333333 0.11944444444444445
1 0.38828125 0.5231481481481481 0.0203125 0.11851851851851852
1 0.45598958333333334 0.5222222222222223 0.018229166666666668 0.11666666666666667
1 0.521875 0.525 0.01875 0.11851851851851852
1 0.5908854166666667 0.5180555555555556 0.018229166666666668 0.10648148148148148
1 0.5885416666666666 0.6236111111111111 0.021875 0.12314814814814815
1 0.4825520833333333 0.624537037037037 0.019270833333333334 0.1175925925925926
1 0.37838541666666664 0.6268518518518519 0.019270833333333334 0.12222222222222222
1 0.3346354166666667 0.7310185185185185 0.0203125 0.12314814814814815
1 0.4700520833333333 0.7287037037037037 0.0203125 0.12222222222222222
1 0.49453125 0.825 0.025520833333333333 0.046296296296296294
