0 0.57734375 0.5814814814814815 0.022395833333333334 0.03518518518518519
1 0.4734375 0.16944444444444445 0.020833333333333332 0.10740740740740741
1 0.49453125 0.2513888888888889 0.0140625 0.09537037037037037
1 0.6151041666666667 0.2513888888888889 0.017708333333333333 0.09722222222222222
1 0.61875 0.3236111111111111 0.015625 0.05462962962962963
1 0.521875 0.3236111111111111 0.022916666666666665 0.05648148148148148
1 0.425 0.32175925925925924 0.01875 0.05462962962962963
1 0.33828125 0.4273148148148148 0.019270833333333334 0.11388888888888889
1 0.40338541666666666 0.4305555555555556 0.0203125 0.1111111111111111
1 0.46848958333333335 0.4305555555555556 0.018229166666666668 0.11851851851851852
1 0.53359375 0.4310185185185185 0.018229166666666668 0.11388888888888889
1 0.5994791666666667 0.4300925925925926 0.017708333333333333 0.1175925925925926
1 0.6143229166666667 0.524074074074074 0.016145833333333335 0.11481481481481481
1 0.5484375 0.5254629629629629 0.020833333333333332 0.11574074074074074
1 0.48046875 0.524537037037037 0.019270833333333334 0.1175925925925926
1 0.41380208333333335 0.5231481481481481 0.018229166666666668 0.10925925925925926
1 0.34713541666666664 0.525 0.0203125 0.11666666666666667
1 0.41328125 0.6268518518518519 0.021354166666666667 0.11851851851851852
1 0.5174479166666667 0.624537037037037 0.0171875 0.11944444444444445
1 0.6234375 0.6231481481481481 0.01875 0.11851851851851852
1 0.4921875 0.7296296296296296 0.01875 0.12037037037037036
1 0.35494791666666664 0.7300925925925926 0.018229166666666668 0.12314814814814815
1 0.49296875 0.8208333333333333 0.021354166666666667 0.04537037037037037
