0 0.5716145833333334 0.5699074074074074 0.021354166666666667 0.03611111111111111
1 0.5057291666666667 0.16944444444444445 0.015625 0.10740740740740741
1 0.4973958333333333 0.2490740740740741 0.017708333333333333 0.08703703703703704
1 0.61640625 0.24768518518518517 0.0171875 0.08796296296296297
1 0.6177083333333333 0.32314814814814813 0.015625 0.05
1 0.521875 0.32222222222222224 0.017708333333333333 0.053703703703703705
1 0.42421875 0.3236111111111111 0.0171875 0.05462962962962963
1 0.3151041666666667 0.4310185185185185 0.01875 0.11388888888888889
1 0.3807291666666667 0.4310185185185185 0.017708333333333333 0.11574074074074074
1 0.4453125 0.42916666666666664 0.020833333333333332 0.11574074074074074
1 0.5106770833333333 0.42916666666666664 0.018229166666666668 0.11388888888888889
1 0.5760416666666667 0.42824074074074076 0.017708333333333333 0.11018518518518519
1 0.6169270833333333 0.5217592592592593 0.018229166666666668 0.10462962962962963
1 0.5518229166666667 0.5231481481481481 0.0171875 0.10740740740740741
1 0.48333333333333334 0.5217592592592593 0.020833333333333332 0.10648148148148148
1 0.41692708333333334 0.5212962962962963 0.019270833333333334 0.1037037037037037
1 0.34921875 0.5222222222222223 0.019270833333333334 0.10555555555555556
1 0.4125 0.6236111111111111 0.016666666666666666 0.1175925925925926
1 0.51875 0.6240740740740741 0.01875 0.11851851851851852
1 0.6236979166666666 0.6277777777777778 0.018229166666666668 0.11666666666666667
1 0.49114583333333334 0.7305555555555555 0.017708333333333333 0.11666666666666667
1 0.35572916666666665 0.7324074074074074 0.019791666666666666 0.12222222222222222
1 0.4934895833333333 0.8222222222222222 0.022395833333333334 0.053703703703703705
