0 0.52890625 0.45231481481481484 0.022395833333333334 0.03981481481481482
1 0.5036458333333333 0.17083333333333334 0.01875 0.10648148148148148
1 0.4622395833333333 0.2375 0.0265625 0.041666666666666664
1 0.5848958333333333 0.23981481481481481 0.028125 0.044444444444444446
1 0.5216145833333333 0.32175925925925924 0.021354166666666667 0.04537037037037037
1 0.61875 0.3212962962962963 0.017708333333333333 0.04814814814814815
1 0.42578125 0.32222222222222224 0.019270833333333334 0.05
1 0.32395833333333335 0.5222222222222223 0.019791666666666666 0.11851851851851852
1 0.39140625 0.524537037037037 0.022395833333333334 0.11574074074074074
1 0.45859375 0.5254629629629629 0.018229166666666668 0.11203703703703703
1 0.5263020833333333 0.524537037037037 0.0203125 0.10833333333333334
1 0.5927083333333333 0.5259259259259259 0.017708333333333333 0.11481481481481481
1 0.62421875 0.6259259259259259 0.018229166666666668 0.12037037037037036
1 0.5174479166666667 0.625 0.021354166666666667 0.11851851851851852
1 0.41328125 0.6277777777777778 0.021354166666666667 0.12222222222222222
1 0.35625 0.7305555555555555 0.01875 0.12222222222222222
1 0.49244791666666665 0.7277777777777777 0.022395833333333334 0.11851851851851852
1 0.49505208333333334 0.8287037037037037 0.0234375 0.05555555555555555
