0 0.415625 0.4787037037037037 0.007291666666666667 0.027777777777777776
1 0.42942708333333335 0.1726851851851852 0.019270833333333334 0.11018518518518519
1 0.37734375 0.24537037037037038 0.018229166666666668 0.07592592592592592
1 0.49557291666666664 0.24768518518518517 0.022395833333333334 0.0824074074074074
1 0.37994791666666666 0.32222222222222224 0.018229166666666668 0.05740740740740741
1 0.5677083333333334 0.32314814814814813 0.023958333333333335 0.05740740740740741
1 0.34270833333333334 0.425462962962963 0.01875 0.10648148148148148
1 0.40859375 0.4305555555555556 0.0203125 0.11481481481481481
1 0.47265625 0.42685185185185187 0.021354166666666667 0.10925925925925926
1 0.5380208333333333 0.4273148148148148 0.01875 0.11388888888888889
1 0.6046875 0.4305555555555556 0.01875 0.11296296296296296
1 0.34270833333333334 0.5212962962962963 0.020833333333333332 0.09074074074074075
1 0.4080729166666667 0.5185185185185185 0.019270833333333334 0.08333333333333333
1 0.47369791666666666 0.524074074074074 0.022395833333333334 0.09444444444444444
1 0.54140625 0.5277777777777778 0.022395833333333334 0.09814814814814815
1 0.6091145833333333 0.5185185185185185 0.0171875 0.08518518518518518
1 0.6013020833333333 0.6268518518518519 0.0171875 0.1259259259259259
1 0.4953125 0.6259259259259259 0.019791666666666666 0.12222222222222222
1 0.38958333333333334 0.6259259259259259 0.019791666666666666 0.12222222222222222
1 0.3125 0.7328703703703704 0.021875 0.11944444444444445
1 0.4484375 0.7314814814814815 0.020833333333333332 0.11296296296296296
1 0.4119791666666667 0.8245370370370371 0.021875 0.04537037037037037
