0 0.44453125 0.462037037037037 0.019270833333333334 0.037037037037037035
1 0.42552083333333335 0.1699074074074074 0.019791666666666666 0.10462962962962963
1 0.39453125 0.24305555555555555 0.019270833333333334 0.07314814814814814
1 0.5145833333333333 0.24953703703703703 0.016666666666666666 0.0787037037037037
1 0.496875 0.3263888888888889 0.016666666666666666 0.06759259259259259
1 0.4010416666666667 0.3296296296296296 0.01875 0.06851851851851852
1 0.30416666666666664 0.325 0.01875 0.06111111111111111
1 0.32578125 0.41388888888888886 0.018229166666666668 0.05
1 0.39010416666666664 0.41574074074074074 0.016666666666666666 0.05
1 0.45546875 0.41574074074074074 0.0140625 0.053703703703703705
1 0.5205729166666667 0.41712962962962963 0.016145833333333335 0.05277777777777778
1 0.5861979166666667 0.4115740740740741 0.0171875 0.05277777777777778
1 0.3020833333333333 0.5203703703703704 0.019791666666666666 0.09444444444444444
1 0.36796875 0.5203703703703704 0.018229166666666668 0.09444444444444444
1 0.43359375 0.5217592592592593 0.021354166666666667 0.08611111111111111
1 0.5018229166666667 0.5217592592592593 0.021354166666666667 0.09722222222222222
1 0.5682291666666667 0.524074074074074 0.017708333333333333 0.09259259259259259
1 0.5231770833333333 0.624537037037037 0.0234375 0.12314814814814815
1 0.41953125 0.6282407407407408 0.022395833333333334 0.12129629629629629
1 0.31536458333333334 0.625 0.021354166666666667 0.11851851851851852
1 0.30807291666666664 0.7337962962962963 0.019270833333333334 0.12685185185185185
1 0.44296875 0.7296296296296296 0.019270833333333334 0.11481481481481481
1 0.4122395833333333 0.8236111111111111 0.018229166666666668 0.041666666666666664
