0 0.33645833333333336 0.48333333333333334 0.019791666666666666 0.03333333333333333
1 0.43697916666666664 0.17083333333333334 0.017708333333333333 0.10462962962962963
1 0.41692708333333334 0.2513888888888889 0.018229166666666668 0.08981481481481482
1 0.5369791666666667 0.24722222222222223 0.015625 0.0962962962962963
1 0.32838541666666665 0.3277777777777778 0.021354166666666667 0.07037037037037037
1 0.42682291666666666 0.3296296296296296 0.0171875 0.05740740740740741
1 0.5234375 0.32685185185185184 0.017708333333333333 0.06296296296296296
1 0.30442708333333335 0.4203703703703704 0.0234375 0.07777777777777778
1 0.36875 0.4212962962962963 0.023958333333333335 0.07777777777777778
1 0.4354166666666667 0.41898148148148145 0.017708333333333333 0.06944444444444445
1 0.5005208333333333 0.4185185185185185 0.019791666666666666 0.07407407407407407
1 0.5658854166666667 0.4217592592592593 0.0171875 0.0787037037037037
1 0.5739583333333333 0.5083333333333333 0.015625 0.04814814814814815
1 0.5083333333333333 0.5083333333333333 0.020833333333333332 0.04259259259259259
1 0.4401041666666667 0.5074074074074074 0.019791666666666666 0.04259259259259259
1 0.3729166666666667 0.5087962962962963 0.01875 0.04722222222222222
1 0.3065104166666667 0.5097222222222222 0.0203125 0.04722222222222222
1 0.2830729166666667 0.625 0.016145833333333335 0.12222222222222222
1 0.3880208333333333 0.625 0.01875 0.11296296296296296
1 0.4921875 0.6268518518518519 0.017708333333333333 0.12037037037037036
1 0.4309895833333333 0.7296296296296296 0.019270833333333334 0.12222222222222222
1 0.2953125 0.7300925925925926 0.016666666666666666 0.11388888888888889
1 0.396875 0.8189814814814815 0.019791666666666666 0.041666666666666664
