0 0.32916666666666666 0.46111111111111114 0.01875 0.03518518518518519
1 0.43125 0.17175925925925925 0.016666666666666666 0.09907407407407408
1 0.4002604166666667 0.2449074074074074 0.018229166666666668 0.06759259259259259
1 0.5197916666666667 0.24675925925925926 0.019791666666666666 0.07314814814814814
1 0.496875 0.3236111111111111 0.014583333333333334 0.06018518518518518
1 0.4010416666666667 0.32546296296296295 0.017708333333333333 0.06759259259259259
1 0.3059895833333333 0.3277777777777778 0.0203125 0.06851851851851852
1 0.30390625 0.4166666666666667 0.016145833333333335 0.044444444444444446
1 0.3684895833333333 0.41574074074074074 0.0171875 0.04814814814814815
1 0.43359375 0.4134259259259259 0.016145833333333335 0.04351851851851852
1 0.49895833333333334 0.41435185185185186 0.016666666666666666 0.04351851851851852
1 0.5653645833333333 0.412962962962963 0.016145833333333335 0.046296296296296294
1 0.5575520833333333 0.525 0.019270833333333334 0.12407407407407407
1 0.49375 0.5157407407407407 0.020833333333333332 0.1037037037037037
1 0.42604166666666665 0.5254629629629629 0.01875 0.1175925925925926
1 0.3575520833333333 0.5254629629629629 0.016145833333333335 0.1175925925925926
1 0.29010416666666666 0.524537037037037 0.019791666666666666 0.11203703703703703
1 0.28229166666666666 0.6212962962962963 0.020833333333333332 0.1111111111111111
1 0.3880208333333333 0.625462962962963 0.01875 0.12129629629629629
1 0.49166666666666664 0.6277777777777778 0.017708333333333333 0.11851851851851852
1 0.421875 0.7291666666666666 0.01875 0.12129629629629629
1 0.28567708333333336 0.7300925925925926 0.018229166666666668 0.11574074074074074
1 0.4 0.8240740740740741 0.019791666666666666 0.040740740740740744
