0 0.34348958333333335 0.4685185185185185 0.018229166666666668 0.03518518518518519
1 0.43046875 0.1699074074074074 0.019270833333333334 0.10092592592592593
1 0.39869791666666665 0.2462962962962963 0.0171875 0.07222222222222222
1 0.5197916666666667 0.2439814814814815 0.015625 0.0712962962962963
1 0.4986979166666667 0.32546296296296295 0.0171875 0.06944444444444445
1 0.4005208333333333 0.32685185185185184 0.019791666666666666 0.06481481481481481
1 0.30520833333333336 0.32546296296296295 0.020833333333333332 0.06388888888888888
1 0.30546875 0.425462962962963 0.0203125 0.10833333333333334
1 0.36875 0.4273148148148148 0.019791666666666666 0.10277777777777777
1 0.4348958333333333 0.4263888888888889 0.017708333333333333 0.10833333333333334
1 0.5 0.42824074074074076 0.01875 0.10462962962962963
1 0.5651041666666666 0.4273148148148148 0.017708333333333333 0.10833333333333334
1 0.40390625 0.5050925925925925 0.021354166666666667 0.05092592592592592
1 0.47369791666666666 0.5092592592592593 0.015104166666666667 0.046296296296296294
1 0.5403645833333334 0.5083333333333333 0.011979166666666667 0.05555555555555555
1 0.34010416666666665 0.5092592592592593 0.01875 0.046296296296296294
1 0.60546875 0.5037037037037037 0.019270833333333334 0.06481481481481481
1 0.49140625 0.624537037037037 0.019270833333333334 0.12314814814814815
1 0.38828125 0.625 0.0203125 0.12222222222222222
1 0.28463541666666664 0.6189814814814815 0.0203125 0.10833333333333334
1 0.28515625 0.7314814814814815 0.018229166666666668 0.12407407407407407
1 0.42265625 0.7310185185185185 0.018229166666666668 0.12314814814814815
1 0.39817708333333335 0.825 0.021354166666666667 0.05185185185185185
