0 0.3111979166666667 0.43657407407407406 0.016145833333333335 0.030555555555555555
1 0.4315104166666667 0.17037037037037037 0.018229166666666668 0.10555555555555556
1 0.3997395833333333 0.2462962962962963 0.0203125 0.07407407407407407
1 0.51953125 0.2439814814814815 0.019270833333333334 0.0712962962962963
1 0.49557291666666664 0.32731481481481484 0.021354166666666667 0.06759259259259259
1 0.4005208333333333 0.3263888888888889 0.021875 0.06759259259259259
1 0.30442708333333335 0.32592592592592595 0.0234375 0.07037037037037037
1 0.3 0.41805555555555557 0.022916666666666665 0.04722222222222222
1 0.36380208333333336 0.41759259259259257 0.018229166666666668 0.03888888888888889
1 0.42890625 0.41759259259259257 0.021354166666666667 0.046296296296296294
1 0.49375 0.4162037037037037 0.022916666666666665 0.03611111111111111
1 0.5604166666666667 0.41712962962962963 0.01875 0.03611111111111111
1 0.28880208333333335 0.6273148148148148 0.0203125 0.12129629629629629
1 0.3924479166666667 0.6296296296296297 0.018229166666666668 0.11666666666666667
1 0.49947916666666664 0.6263888888888889 0.020833333333333332 0.1175925925925926
1 0.42213541666666665 0.7328703703703704 0.021354166666666667 0.12314814814814815
1 0.28619791666666666 0.7314814814814815 0.018229166666666668 0.11851851851851852
1 0.39921875 0.825925925925926 0.024479166666666666 0.05740740740740741
