0 0.34401041666666665 0.637962962962963 0.0140625 0.040740740740740744
1 0.4953125 0.17083333333333334 0.017708333333333333 0.10092592592592593
1 0.46901041666666665 0.2523148148148148 0.0171875 0.10462962962962963
1 0.5901041666666667 0.2523148148148148 0.016666666666666666 0.11018518518518519
1 0.4979166666666667 0.325 0.016666666666666666 0.06111111111111111
1 0.4015625 0.3263888888888889 0.022916666666666665 0.06388888888888888
1 0.3046875 0.32592592592592595 0.01875 0.05555555555555555
1 0.33671875 0.42592592592592593 0.019270833333333334 0.10185185185185185
1 0.40234375 0.42685185185185187 0.018229166666666668 0.1037037037037037
1 0.4674479166666667 0.42685185185185187 0.016145833333333335 0.1037037037037037
1 0.5338541666666666 0.42592592592592593 0.019791666666666666 0.10555555555555556
1 0.5973958333333333 0.42685185185185187 0.016666666666666666 0.10185185185185185
1 0.5778645833333333 0.524074074074074 0.0203125 0.12037037037037036
1 0.5138020833333333 0.5263888888888889 0.0203125 0.11388888888888889
1 0.446875 0.5217592592592593 0.017708333333333333 0.11388888888888889
1 0.37890625 0.5259259259259259 0.021354166666666667 0.11481481481481481
1 0.31276041666666665 0.5212962962962963 0.0171875 0.10740740740740741
1 0.33255208333333336 0.6240740740740741 0.016145833333333335 0.11481481481481481
1 0.4388020833333333 0.6259259259259259 0.019270833333333334 0.11481481481481481
1 0.5447916666666667 0.6231481481481481 0.016666666666666666 0.11666666666666667
1 0.40078125 0.7231481481481481 0.015104166666666667 0.09444444444444444
1 0.5372395833333333 0.7273148148148149 0.021354166666666667 0.09537037037037037
1 0.45286458333333335 0.8287037037037037 0.0203125 0.040740740740740744
