0 0.29453125 0.6407407407407407 0.018229166666666668 0.03333333333333333
1 0.47317708333333336 0.1712962962962963 0.016145833333333335 0.10555555555555556
1 0.4427083333333333 0.25416666666666665 0.01875 0.11018518518518519
1 0.5625 0.2550925925925926 0.01875 0.11574074074074074
1 0.49765625 0.32407407407407407 0.0203125 0.05925925925925926
1 0.40078125 0.32685185185185184 0.0203125 0.06296296296296296
1 0.30494791666666665 0.3236111111111111 0.021354166666666667 0.062037037037037036
1 0.3372395833333333 0.4263888888888889 0.0171875 0.10462962962962963
1 0.40130208333333334 0.4263888888888889 0.019270833333333334 0.10462962962962963
1 0.4669270833333333 0.4273148148148148 0.019270833333333334 0.09722222222222222
1 0.53125 0.425 0.019791666666666666 0.1
1 0.5979166666666667 0.42592592592592593 0.016666666666666666 0.1
1 0.28984375 0.5263888888888889 0.015104166666666667 0.11388888888888889
1 0.35625 0.5259259259259259 0.017708333333333333 0.11481481481481481
1 0.4236979166666667 0.5236111111111111 0.0171875 0.11388888888888889
1 0.49140625 0.525 0.019270833333333334 0.11666666666666667
1 0.5575520833333333 0.5254629629629629 0.019270833333333334 0.11574074074074074
1 0.5151041666666667 0.611574074074074 0.015625 0.03796296296296296
1 0.409375 0.612037037037037 0.019791666666666666 0.03888888888888889
1 0.30390625 0.6106481481481482 0.018229166666666668 0.03796296296296296
1 0.29010416666666666 0.7273148148148149 0.01875 0.10462962962962963
1 0.42526041666666664 0.7291666666666666 0.0203125 0.10277777777777777
1 0.39947916666666666 0.8245370370370371 0.019791666666666666 0.03981481481481482
