0 0.35598958333333336 0.6898148148148148 0.021354166666666667 0.03333333333333333
1 0.47291666666666665 0.17222222222222222 0.015625 0.1
1 0.44192708333333336 0.25462962962962965 0.019270833333333334 0.10925925925925926
1 0.5622395833333333 0.2513888888888889 0.0171875 0.10833333333333334
1 0.49661458333333336 0.32175925925925924 0.011979166666666667 0.04537037037037037
1 0.4 0.32175925925925924 0.016666666666666666 0.04722222222222222
1 0.3028645833333333 0.32175925925925924 0.0171875 0.04537037037037037
1 0.33645833333333336 0.425 0.017708333333333333 0.09444444444444444
1 0.40078125 0.4236111111111111 0.018229166666666668 0.09166666666666666
1 0.46640625 0.4273148148148148 0.018229166666666668 0.09537037037037037
1 0.5328125 0.425462962962963 0.015625 0.09537037037037037
1 0.59765625 0.425 0.0171875 0.09259259259259259
1 0.5580729166666667 0.524537037037037 0.015104166666666667 0.11574074074074074
1 0.49114583333333334 0.5236111111111111 0.015625 0.11388888888888889
1 0.42421875 0.5254629629629629 0.016145833333333335 0.11388888888888889
1 0.35572916666666665 0.5189814814814815 0.014583333333333334 0.10277777777777777
1 0.28932291666666665 0.524074074074074 0.015104166666666667 0.11296296296296296
1 0.35520833333333335 0.625 0.016666666666666666 0.11666666666666667
1 0.46015625 0.6277777777777778 0.0171875 0.12407407407407407
1 0.5653645833333333 0.625 0.015104166666666667 0.12037037037037036
1 0.28932291666666665 0.7282407407407407 0.021354166666666667 0.10462962962962963
1 0.42578125 0.7277777777777777 0.0203125 0.10740740740740741
1 0.39765625 0.8240740740740741 0.0203125 0.03888888888888889
