0 0.4515625 0.6888888888888889 0.022916666666666665 0.037037037037037035
1 0.4734375 0.1736111111111111 0.017708333333333333 0.10833333333333334
1 0.4421875 0.25324074074074077 0.017708333333333333 0.10462962962962963
1 0.56171875 0.25462962962962965 0.0171875 0.11296296296296296
1 0.4973958333333333 0.32175925925925924 0.016666666666666666 0.049074074074074076
1 0.4005208333333333 0.32314814814814813 0.019791666666666666 0.05
1 0.30416666666666664 0.32222222222222224 0.020833333333333332 0.044444444444444446
1 0.34270833333333334 0.42453703703703705 0.016666666666666666 0.09166666666666666
1 0.4078125 0.42314814814814816 0.017708333333333333 0.08888888888888889
1 0.47369791666666666 0.42592592592592593 0.018229166666666668 0.09814814814814815
1 0.5385416666666667 0.425 0.014583333333333334 0.09259259259259259
1 0.60390625 0.42453703703703705 0.016145833333333335 0.09166666666666666
1 0.5575520833333333 0.524074074074074 0.015104166666666667 0.1111111111111111
1 0.490625 0.524537037037037 0.017708333333333333 0.11388888888888889
1 0.4236979166666667 0.5268518518518519 0.018229166666666668 0.11296296296296296
1 0.35520833333333335 0.524537037037037 0.0125 0.11203703703703703
1 0.29010416666666666 0.5259259259259259 0.013541666666666667 0.11481481481481481
1 0.3497395833333333 0.6240740740740741 0.0171875 0.11666666666666667
1 0.4544270833333333 0.6236111111111111 0.0171875 0.11574074074074074
1 0.5598958333333334 0.6300925925925925 0.021875 0.11574074074074074
1 0.46927083333333336 0.7231481481481481 0.028125 0.06481481481481481
1 0.34036458333333336 0.7157407407407408 0.018229166666666668 0.07407407407407407
1 0.44869791666666664 0.8305555555555556 0.018229166666666668 0.03888888888888889
