0 0.4817708333333333 0.6916666666666667 0.020833333333333332 0.027777777777777776
1 0.47291666666666665 0.1712962962962963 0.016666666666666666 0.10925925925925926
1 0.440625 0.25277777777777777 0.014583333333333334 0.10555555555555556
1 0.5611979166666666 0.2518518518518518 0.015104166666666667 0.10555555555555556
1 0.49635416666666665 0.32083333333333336 0.016666666666666666 0.03981481481481482
1 0.4010416666666667 0.32314814814814813 0.01875 0.044444444444444446
1 0.3046875 0.32314814814814813 0.020833333333333332 0.044444444444444446
1 0.35911458333333335 0.42453703703703705 0.0171875 0.09351851851851851
1 0.4244791666666667 0.425462962962963 0.017708333333333333 0.09351851851851851
1 0.4890625 0.4263888888888889 0.01875 0.09537037037037037
1 0.5528645833333333 0.42592592592592593 0.0171875 0.09259259259259259
1 0.6190104166666667 0.4217592592592593 0.016145833333333335 0.09537037037037037
1 0.5588541666666667 0.5226851851851851 0.016666666666666666 0.09722222222222222
1 0.4921875 0.5203703703703704 0.017708333333333333 0.09814814814814815
1 0.4239583333333333 0.5226851851851851 0.017708333333333333 0.10092592592592593
1 0.35703125 0.5222222222222223 0.0171875 0.0962962962962963
1 0.2890625 0.5208333333333334 0.014583333333333334 0.09722222222222222
1 0.3770833333333333 0.6259259259259259 0.017708333333333333 0.12037037037037036
1 0.48411458333333335 0.6268518518518519 0.016145833333333335 0.12037037037037036
1 0.5885416666666666 0.6273148148148148 0.019791666666666666 0.12129629629629629
1 0.46510416666666665 0.7129629629629629 0.013541666666666667 0.06296296296296296
1 0.32786458333333335 0.7171296296296297 0.0203125 0.0712962962962963
1 0.42109375 0.8277777777777777 0.018229166666666668 0.040740740740740744
