0 0.48385416666666664 0.6930555555555555 0.021875 0.030555555555555555
1 0.47604166666666664 0.1712962962962963 0.017708333333333333 0.10740740740740741
1 0.4578125 0.25 0.016666666666666666 0.09074074074074075
1 0.5770833333333333 0.24814814814814815 0.013541666666666667 0.08888888888888889
1 0.4979166666666667 0.32592592592592595 0.017708333333333333 0.05555555555555555
1 0.4010416666666667 0.32592592592592595 0.019791666666666666 0.05740740740740741
1 0.30416666666666664 0.32407407407407407 0.01875 0.053703703703703705
1 0.35885416666666664 0.425 0.01875 0.09259259259259259
1 0.42239583333333336 0.42268518518518516 0.014583333333333334 0.09351851851851851
1 0.48880208333333336 0.425462962962963 0.015104166666666667 0.09166666666666666
1 0.5541666666666667 0.42453703703703705 0.015625 0.09537037037037037
1 0.61875 0.425462962962963 0.0125 0.09722222222222222
1 0.5583333333333333 0.524537037037037 0.016666666666666666 0.10648148148148148
1 0.49114583333333334 0.524537037037037 0.017708333333333333 0.10462962962962963
1 0.4236979166666667 0.5231481481481481 0.016145833333333335 0.1
1 0.35651041666666666 0.524537037037037 0.0140625 0.10648148148148148
1 0.28932291666666665 0.5236111111111111 0.016145833333333335 0.10092592592592593
1 0.38255208333333335 0.625462962962963 0.0171875 0.11944444444444445
1 0.48776041666666664 0.6277777777777778 0.018229166666666668 0.12037037037037036
1 0.5934895833333333 0.625462962962963 0.018229166666666668 0.125
1 0.43359375 0.7092592592592593 0.013020833333333334 0.05185185185185185
1 0.571875 0.7129629629629629 0.015625 0.05
1 0.49453125 0.8273148148148148 0.016145833333333335 0.041666666666666664
