0 0.4828125 0.6921296296296297 0.01875 0.030555555555555555
1 0.47604166666666664 0.17083333333333334 0.017708333333333333 0.11018518518518519
1 0.4591145833333333 0.24537037037037038 0.016145833333333335 0.07037037037037037
1 0.578125 0.24537037037037038 0.015625 0.07222222222222222
1 0.4973958333333333 0.3236111111111111 0.019791666666666666 0.05277777777777778
1 0.4010416666666667 0.324537037037037 0.019791666666666666 0.05462962962962963
1 0.30546875 0.3236111111111111 0.019270833333333334 0.05277777777777778
1 0.35885416666666664 0.42592592592592593 0.01875 0.0962962962962963
1 0.42265625 0.42314814814814816 0.016145833333333335 0.0962962962962963
1 0.48932291666666666 0.425 0.018229166666666668 0.0962962962962963
1 0.5544270833333333 0.42592592592592593 0.0171875 0.1
1 0.6184895833333334 0.425 0.0140625 0.0962962962962963
1 0.5583333333333333 0.5236111111111111 0.016666666666666666 0.10462962962962963
1 0.49140625 0.5217592592592593 0.016145833333333335 0.10277777777777777
1 0.42421875 0.5226851851851851 0.016145833333333335 0.10277777777777777
1 0.35598958333333336 0.524074074074074 0.0171875 0.1037037037037037
1 0.28854166666666664 0.5222222222222223 0.013541666666666667 0.10555555555555556
1 0.3807291666666667 0.6273148148148148 0.017708333333333333 0.12129629629629629
1 0.4875 0.6282407407407408 0.017708333333333333 0.11944444444444445
1 0.5924479166666666 0.6291666666666667 0.018229166666666668 0.11944444444444445
1 0.49322916666666666 0.7226851851851852 0.01875 0.07314814814814814
1 0.3572916666666667 0.7143518518518519 0.019791666666666666 0.06944444444444445
1 0.45208333333333334 0.8291666666666667 0.019791666666666666 0.028703703703703703
