0 0.4791666666666667 0.6925925925925925 0.020833333333333332 0.024074074074074074
1 0.4752604166666667 0.17175925925925925 0.016145833333333335 0.10833333333333334
1 0.4588541666666667 0.24583333333333332 0.01875 0.06759259259259259
1 0.57734375 0.2449074074074074 0.019270833333333334 0.0712962962962963
1 0.49635416666666665 0.32314814814814813 0.016666666666666666 0.05555555555555555
1 0.4010416666666667 0.324537037037037 0.01875 0.05462962962962963
1 0.30442708333333335 0.32407407407407407 0.0203125 0.053703703703703705
1 0.3580729166666667 0.425 0.018229166666666668 0.09259259259259259
1 0.42291666666666666 0.425 0.01875 0.09074074074074075
1 0.48932291666666666 0.42407407407407405 0.018229166666666668 0.09259259259259259
1 0.5541666666666667 0.4263888888888889 0.016666666666666666 0.09351851851851851
1 0.6203125 0.42407407407407405 0.017708333333333333 0.09814814814814815
1 0.5572916666666666 0.5236111111111111 0.01875 0.10648148148148148
1 0.49140625 0.524074074074074 0.0171875 0.1037037037037037
1 0.4239583333333333 0.524074074074074 0.016666666666666666 0.10555555555555556
1 0.35598958333333336 0.524074074074074 0.016145833333333335 0.10555555555555556
1 0.28932291666666665 0.5236111111111111 0.015104166666666667 0.10648148148148148
1 0.37161458333333336 0.6263888888888889 0.0171875 0.12129629629629629
1 0.478125 0.6263888888888889 0.017708333333333333 0.12314814814814815
1 0.5828125 0.6282407407407408 0.016666666666666666 0.12129629629629629
1 0.32421875 0.7125 0.015104166666666667 0.05092592592592592
1 0.46588541666666666 0.7148148148148148 0.019270833333333334 0.05185185185185185
1 0.42630208333333336 0.8291666666666667 0.021354166666666667 0.03611111111111111
