0 0.475 0.6930555555555555 0.019791666666666666 0.028703703703703703
1 0.4752604166666667 0.17083333333333334 0.016145833333333335 0.10833333333333334
1 0.45807291666666666 0.24583333333333332 0.0171875 0.0712962962962963
1 0.5778645833333333 0.24537037037037038 0.015104166666666667 0.06851851851851852
1 0.4973958333333333 0.32314814814814813 0.016666666666666666 0.05555555555555555
1 0.4010416666666667 0.32407407407407407 0.020833333333333332 0.05555555555555555
1 0.30390625 0.324537037037037 0.0203125 0.05462962962962963
1 0.3580729166666667 0.425 0.0203125 0.09444444444444444
1 0.42265625 0.4236111111111111 0.021354166666666667 0.09166666666666666
1 0.48880208333333336 0.425 0.018229166666666668 0.09259259259259259
1 0.5536458333333333 0.42453703703703705 0.020833333333333332 0.09722222222222222
1 0.6205729166666667 0.425 0.0203125 0.09814814814814815
1 0.5567708333333333 0.5254629629629629 0.016666666666666666 0.1175925925925926
1 0.4903645833333333 0.524074074074074 0.018229166666666668 0.11481481481481481
1 0.42291666666666666 0.5194444444444445 0.016666666666666666 0.1111111111111111
1 0.35390625 0.5259259259259259 0.021354166666666667 0.10185185185185185
1 0.2911458333333333 0.5236111111111111 0.016666666666666666 0.11203703703703703
1 0.3640625 0.625 0.01875 0.11666666666666667
1 0.46953125 0.6300925925925925 0.0171875 0.125
1 0.57421875 0.6263888888888889 0.018229166666666668 0.11574074074074074
1 0.428125 0.7314814814814815 0.017708333333333333 0.11666666666666667
1 0.5638020833333334 0.7319444444444444 0.0171875 0.11388888888888889
