0 0.48828125 0.6925925925925925 0.021354166666666667 0.037037037037037035
1 0.4747395833333333 0.17222222222222222 0.016145833333333335 0.10185185185185185
1 0.4583333333333333 0.2439814814814815 0.017708333333333333 0.06759259259259259
1 0.578125 0.24444444444444444 0.015625 0.06851851851851852
1 0.49713541666666666 0.3236111111111111 0.016145833333333335 0.05277777777777778
1 0.4010416666666667 0.32407407407407407 0.01875 0.05740740740740741
1 0.3046875 0.32314814814814813 0.021875 0.05
1 0.35911458333333335 0.42314814814814816 0.019270833333333334 0.0962962962962963
1 0.4231770833333333 0.42314814814814816 0.019270833333333334 0.09444444444444444
1 0.48828125 0.42314814814814816 0.019270833333333334 0.09444444444444444
1 0.5549479166666667 0.42453703703703705 0.018229166666666668 0.09537037037037037
1 0.6203125 0.42453703703703705 0.013541666666666667 0.09722222222222222
1 0.55859375 0.524537037037037 0.018229166666666668 0.11018518518518519
1 0.49166666666666664 0.5259259259259259 0.019791666666666666 0.1111111111111111
1 0.42421875 0.524537037037037 0.018229166666666668 0.11018518518518519
1 0.3567708333333333 0.5226851851851851 0.020833333333333332 0.11388888888888889
1 0.29010416666666666 0.5231481481481481 0.01875 0.11481481481481481
1 0.39114583333333336 0.6236111111111111 0.01875 0.1175925925925926
1 0.4979166666666667 0.625 0.016666666666666666 0.11296296296296296
1 0.6026041666666667 0.6263888888888889 0.016666666666666666 0.11944444444444445
1 0.43255208333333334 0.711574074074074 0.0203125 0.06018518518518518
1 0.5690104166666666 0.7106481481481481 0.019270833333333334 0.049074074074074076
1 0.49322916666666666 0.8277777777777777 0.019791666666666666 0.044444444444444446
