0 0.48828125 0.6916666666666667 0.021354166666666667 0.03148148148148148
1 0.47734375 0.17222222222222222 0.019270833333333334 0.10925925925925926
1 0.45807291666666666 0.2449074074074074 0.0171875 0.07314814814814814
1 0.5783854166666667 0.24537037037037038 0.018229166666666668 0.07222222222222222
1 0.4973958333333333 0.3226851851851852 0.019791666666666666 0.05648148148148148
1 0.3997395833333333 0.32407407407407407 0.021354166666666667 0.05925925925925926
1 0.3046875 0.325 0.021875 0.053703703703703705
1 0.35833333333333334 0.42453703703703705 0.020833333333333332 0.09907407407407408
1 0.4234375 0.42407407407407405 0.021875 0.09259259259259259
1 0.48984375 0.42592592592592593 0.018229166666666668 0.09259259259259259
1 0.5546875 0.425 0.017708333333333333 0.09074074074074075
1 0.6197916666666666 0.42685185185185187 0.01875 0.0962962962962963
1 0.5580729166666667 0.5254629629629629 0.0171875 0.11018518518518519
1 0.4908854166666667 0.524074074074074 0.018229166666666668 0.11481481481481481
1 0.42473958333333334 0.525 0.018229166666666668 0.1111111111111111
1 0.3567708333333333 0.5254629629629629 0.01875 0.11018518518518519
1 0.2890625 0.524537037037037 0.017708333333333333 0.11574074074074074
1 0.39114583333333336 0.6273148148148148 0.017708333333333333 0.1175925925925926
1 0.49557291666666664 0.625462962962963 0.0203125 0.11944444444444445
1 0.6015625 0.6282407407407408 0.017708333333333333 0.11944444444444445
1 0.4515625 0.7328703703703704 0.01875 0.12685185185185185
1 0.58984375 0.7337962962962963 0.018229166666666668 0.12129629629629629
1 0.45364583333333336 0.8268518518518518 0.022916666666666665 0.03888888888888889
