0 0.48932291666666666 0.6916666666666667 0.021354166666666667 0.03518518518518519
1 0.47578125 0.1712962962962963 0.019270833333333334 0.10925925925925926
1 0.4578125 0.24444444444444444 0.01875 0.06851851851851852
1 0.578125 0.24583333333333332 0.01875 0.07314814814814814
1 0.4973958333333333 0.3226851851851852 0.015625 0.05092592592592592
1 0.4010416666666667 0.3226851851851852 0.019791666666666666 0.058333333333333334
1 0.30494791666666665 0.3226851851851852 0.019270833333333334 0.05277777777777778
1 0.359375 0.42314814814814816 0.019791666666666666 0.09444444444444444
1 0.42265625 0.42407407407407405 0.019270833333333334 0.08888888888888889
1 0.48984375 0.42777777777777776 0.016145833333333335 0.09074074074074075
1 0.5544270833333333 0.425 0.0140625 0.08888888888888889
1 0.6184895833333334 0.42407407407407405 0.0171875 0.09259259259259259
1 0.28984375 0.525 0.0140625 0.1111111111111111
1 0.35598958333333336 0.5263888888888889 0.019270833333333334 0.11203703703703703
1 0.4234375 0.5273148148148148 0.016666666666666666 0.11203703703703703
1 0.49166666666666664 0.5222222222222223 0.01875 0.1111111111111111
1 0.5567708333333333 0.524537037037037 0.01875 0.11018518518518519
1 0.425 0.7305555555555555 0.021875 0.10925925925925926
1 0.5640625 0.7300925925925926 0.01875 0.11574074074074074
1 0.45364583333333336 0.8319444444444445 0.021875 0.03425925925925926
