1 0.47630208333333335 0.17222222222222222 0.018229166666666668 0.1111111111111111
1 0.4588541666666667 0.24444444444444444 0.016666666666666666 0.07037037037037037
1 0.5763020833333333 0.2449074074074074 0.015104166666666667 0.07314814814814814
1 0.496875 0.32407407407407407 0.016666666666666666 0.05555555555555555
1 0.4010416666666667 0.32407407407407407 0.017708333333333333 0.053703703703703705
1 0.3046875 0.32314814814814813 0.019791666666666666 0.05
1 0.35833333333333334 0.42314814814814816 0.017708333333333333 0.08888888888888889
1 0.42265625 0.425462962962963 0.019270833333333334 0.08981481481481482
1 0.4890625 0.4222222222222222 0.01875 0.08888888888888889
1 0.5541666666666667 0.4222222222222222 0.017708333333333333 0.08888888888888889
1 0.61875 0.42453703703703705 0.015625 0.08611111111111111
1 0.2903645833333333 0.5231481481481481 0.0171875 0.1111111111111111
1 0.35598958333333336 0.5231481481481481 0.015104166666666667 0.11296296296296296
1 0.42265625 0.524537037037037 0.015104166666666667 0.11018518518518519
1 0.4903645833333333 0.5236111111111111 0.0171875 0.10833333333333334
1 0.55703125 0.524537037037037 0.018229166666666668 0.10833333333333334
1 0.49244791666666665 0.6185185185185185 0.015104166666666667 0.08333333333333333
1 0.38776041666666666 0.6185185185185185 0.016145833333333335 0.08703703703703704
1 0.28125 0.6166666666666667 0.016666666666666666 0.08703703703703704
1 0.46197916666666666 0.7245370370370371 0.017708333333333333 0.08055555555555556
1 0.5973958333333333 0.7217592592592592 0.016666666666666666 0.08611111111111111
