1 0.47604166666666664 0.17037037037037037 0.017708333333333333 0.10555555555555556
1 0.45729166666666665 0.24305555555555555 0.016666666666666666 0.06944444444444445
1 0.5768229166666666 0.2449074074074074 0.015104166666666667 0.06944444444444445
1 0.49765625 0.3236111111111111 0.013020833333333334 0.05277777777777778
1 0.4005208333333333 0.32546296296296295 0.019791666666666666 0.058333333333333334
1 0.30494791666666665 0.32222222222222224 0.019270833333333334 0.05185185185185185
1 0.3578125 0.4222222222222222 0.020833333333333332 0.08333333333333333
1 0.4234375 0.42314814814814816 0.017708333333333333 0.07962962962962963
1 0.4890625 0.4236111111111111 0.017708333333333333 0.08425925925925926
1 0.5528645833333333 0.4217592592592593 0.018229166666666668 0.0824074074074074
1 0.6190104166666667 0.42268518518518516 0.0171875 0.0824074074074074
1 0.28958333333333336 0.5226851851851851 0.014583333333333334 0.11203703703703703
1 0.35598958333333336 0.5222222222222223 0.0171875 0.1111111111111111
1 0.4236979166666667 0.5236111111111111 0.019270833333333334 0.11018518518518519
1 0.4908854166666667 0.525 0.0171875 0.1111111111111111
1 0.5575520833333333 0.5268518518518519 0.0171875 0.11481481481481481
1 0.5135416666666667 0.6129629629629629 0.019791666666666666 0.08703703703703704
1 0.4080729166666667 0.6171296296296296 0.018229166666666668 0.0824074074074074
1 0.30390625 0.6157407407407407 0.016145833333333335 0.07962962962962963
1 0.42552083333333335 0.7245370370370371 0.017708333333333333 0.08981481481481482
1 0.5614583333333333 0.7231481481481481 0.016666666666666666 0.09444444444444444
1 0.4705729166666667 0.8296296296296296 0.021354166666666667 0.02962962962962963
