1 0.4765625 0.17037037037037037 0.016666666666666666 0.1037037037037037
1 0.45859375 0.24861111111111112 0.019270833333333334 0.0824074074074074
1 0.5770833333333333 0.2449074074074074 0.017708333333333333 0.08055555555555556
1 0.4981770833333333 0.32175925925925924 0.0171875 0.05462962962962963
1 0.4002604166666667 0.32407407407407407 0.018229166666666668 0.05555555555555555
1 0.30494791666666665 0.3236111111111111 0.021354166666666667 0.05462962962962963
1 0.6190104166666667 0.41759259259259257 0.019270833333333334 0.046296296296296294
1 0.5557291666666667 0.4185185185185185 0.020833333333333332 0.046296296296296294
1 0.4890625 0.4162037037037037 0.017708333333333333 0.041666666666666664
1 0.42239583333333336 0.41898148148148145 0.01875 0.041666666666666664
1 0.35833333333333334 0.41574074074074074 0.017708333333333333 0.040740740740740744
1 0.28984375 0.5231481481481481 0.016145833333333335 0.11481481481481481
1 0.35572916666666665 0.5212962962962963 0.015625 0.10925925925925926
1 0.4234375 0.5222222222222223 0.014583333333333334 0.11481481481481481
1 0.490625 0.5199074074074074 0.016666666666666666 0.1175925925925926
1 0.5572916666666666 0.5199074074074074 0.017708333333333333 0.11574074074074074
1 0.5520833333333334 0.6092592592592593 0.019791666666666666 0.05185185185185185
1 0.44635416666666666 0.6078703703703704 0.019791666666666666 0.04537037037037037
1 0.3416666666666667 0.6078703703703704 0.019791666666666666 0.04537037037037037
1 0.4122395833333333 0.725925925925926 0.019270833333333334 0.0962962962962963
1 0.5484375 0.725462962962963 0.017708333333333333 0.09907407407407408
1 0.46848958333333335 0.8319444444444445 0.0234375 0.03611111111111111
