1 0.47578125 0.1712962962962963 0.015104166666666667 0.10555555555555556
1 0.4588541666666667 0.2462962962962963 0.016666666666666666 0.07962962962962963
1 0.5765625 0.2462962962962963 0.014583333333333334 0.07962962962962963
1 0.5213541666666667 0.32685185185185184 0.016666666666666666 0.06851851851851852
1 0.61640625 0.3277777777777778 0.016145833333333335 0.07222222222222222
1 0.4239583333333333 0.325 0.020833333333333332 0.06851851851851852
1 0.35885416666666664 0.4148148148148148 0.019791666666666666 0.053703703703703705
1 0.421875 0.4152777777777778 0.022916666666666665 0.03981481481481482
1 0.48880208333333336 0.41712962962962963 0.0171875 0.04351851851851852
1 0.55546875 0.4217592592592593 0.015104166666666667 0.03796296296296296
1 0.6190104166666667 0.41712962962962963 0.019270833333333334 0.04351851851851852
1 0.5575520833333333 0.5236111111111111 0.0171875 0.11574074074074074
1 0.490625 0.5222222222222223 0.016666666666666666 0.11666666666666667
1 0.28932291666666665 0.5259259259259259 0.018229166666666668 0.11481481481481481
1 0.35494791666666664 0.525 0.0171875 0.11296296296296296
1 0.42161458333333335 0.5259259259259259 0.018229166666666668 0.1111111111111111
1 0.33984375 0.6083333333333333 0.021354166666666667 0.04814814814814815
1 0.5510416666666667 0.6101851851851852 0.01875 0.046296296296296294
1 0.4471354166666667 0.6101851851851852 0.022395833333333334 0.04814814814814815
1 0.34348958333333335 0.7166666666666667 0.022395833333333334 0.07407407407407407
1 0.48046875 0.7125 0.018229166666666668 0.0712962962962963
1 0.44869791666666664 0.8351851851851851 0.021354166666666667 0.044444444444444446
