1 0.47604166666666664 0.17083333333333334 0.020833333333333332 0.10648148148148148
1 0.459375 0.23981481481481481 0.019791666666666666 0.05
1 0.578125 0.24074074074074073 0.016666666666666666 0.05
1 0.6171875 0.32546296296296295 0.016666666666666666 0.0712962962962963
1 0.521875 0.3277777777777778 0.017708333333333333 0.07037037037037037
1 0.42552083333333335 0.3296296296296296 0.019791666666666666 0.06851851851851852
1 0.35859375 0.4097222222222222 0.0171875 0.03796296296296296
1 0.4236979166666667 0.4203703703703704 0.018229166666666668 0.05185185185185185
1 0.48932291666666666 0.4185185185185185 0.019270833333333334 0.053703703703703705
1 0.5546875 0.4166666666666667 0.015625 0.053703703703703705
1 0.61796875 0.41805555555555557 0.0171875 0.05648148148148148
1 0.5578125 0.524074074074074 0.014583333333333334 0.1111111111111111
1 0.49166666666666664 0.524074074074074 0.017708333333333333 0.12037037037037036
1 0.4236979166666667 0.525 0.021354166666666667 0.11666666666666667
1 0.35598958333333336 0.525 0.019270833333333334 0.11666666666666667
1 0.2890625 0.524074074074074 0.01875 0.11481481481481481
1 0.33958333333333335 0.6083333333333333 0.020833333333333332 0.05
1 0.4466145833333333 0.6097222222222223 0.021354166666666667 0.04351851851851852
1 0.5505208333333333 0.6087962962962963 0.022916666666666665 0.05092592592592592
1 0.48359375 0.7226851851851852 0.019270833333333334 0.09351851851851851
1 0.34739583333333335 0.725 0.021875 0.08888888888888889
1 0.44609375 0.8296296296296296 0.0234375 0.03518518518518519
