0 0.4296875 0.586574074074074 0.017708333333333333 0.03425925925925926
1 0.47630208333333335 0.17175925925925925 0.022395833333333334 0.10462962962962963
1 0.4513020833333333 0.24953703703703703 0.021354166666666667 0.09722222222222222
1 0.5697916666666667 0.24814814814814815 0.01875 0.09074074074074075
1 0.6177083333333333 0.32685185185185184 0.017708333333333333 0.07592592592592592
1 0.5200520833333333 0.32592592592592595 0.021354166666666667 0.07037037037037037
1 0.4231770833333333 0.32592592592592595 0.019270833333333334 0.06666666666666667
1 0.33567708333333335 0.42314814814814816 0.024479166666666666 0.09259259259259259
1 0.3997395833333333 0.42777777777777776 0.024479166666666666 0.09444444444444444
1 0.46927083333333336 0.42453703703703705 0.01875 0.09537037037037037
1 0.5317708333333333 0.42314814814814816 0.022916666666666665 0.09259259259259259
1 0.5963541666666666 0.42592592592592593 0.021875 0.08888888888888889
1 0.55703125 0.5259259259259259 0.024479166666666666 0.12222222222222222
1 0.4921875 0.5263888888888889 0.016666666666666666 0.11574074074074074
1 0.42421875 0.5254629629629629 0.022395833333333334 0.12129629629629629
1 0.3580729166666667 0.5236111111111111 0.019270833333333334 0.12314814814814815
1 0.29140625 0.5236111111111111 0.0171875 0.11574074074074074
1 0.41302083333333334 0.6277777777777778 0.020833333333333332 0.1259259259259259
1 0.51796875 0.6263888888888889 0.019270833333333334 0.12314814814814815
1 0.62421875 0.6268518518518519 0.018229166666666668 0.1259259259259259
1 0.48854166666666665 0.7263888888888889 0.021875 0.11018518518518519
1 0.35260416666666666 0.7310185185185185 0.026041666666666668 0.1175925925925926
1 0.49140625 0.8245370370370371 0.027604166666666666 0.04351851851851852
