0 0.4752604166666667 0.5833333333333334 0.018229166666666668 0.03333333333333333
1 0.47239583333333335 0.1699074074074074 0.019791666666666666 0.10092592592592593
1 0.4513020833333333 0.24861111111111112 0.019270833333333334 0.09166666666666666
1 0.5692708333333333 0.24861111111111112 0.014583333333333334 0.08611111111111111
1 0.6161458333333333 0.32731481481481484 0.01875 0.0712962962962963
1 0.5213541666666667 0.3296296296296296 0.019791666666666666 0.06481481481481481
1 0.42526041666666664 0.32685185185185184 0.018229166666666668 0.06666666666666667
1 0.353125 0.41944444444444445 0.01875 0.07407407407407407
1 0.41822916666666665 0.4185185185185185 0.019791666666666666 0.06851851851851852
1 0.48359375 0.42083333333333334 0.0171875 0.06574074074074074
1 0.5484375 0.4185185185185185 0.014583333333333334 0.06481481481481481
1 0.61484375 0.4203703703703704 0.016145833333333335 0.06296296296296296
1 0.32838541666666665 0.524537037037037 0.018229166666666668 0.11018518518518519
1 0.39453125 0.5236111111111111 0.013020833333333334 0.11018518518518519
1 0.4630208333333333 0.5268518518518519 0.015625 0.10185185185185185
1 0.53046875 0.525 0.0203125 0.1111111111111111
1 0.5963541666666666 0.5254629629629629 0.017708333333333333 0.1175925925925926
1 0.6234375 0.625462962962963 0.020833333333333332 0.12314814814814815
1 0.5192708333333333 0.6259259259259259 0.021875 0.12037037037037036
1 0.41171875 0.6259259259259259 0.0203125 0.11851851851851852
1 0.3541666666666667 0.7310185185185185 0.020833333333333332 0.1175925925925926
1 0.490625 0.7287037037037037 0.020833333333333332 0.12037037037037036
1 0.49375 0.8217592592592593 0.021875 0.049074074074074076
