0 0.5794270833333334 0.5652777777777778 0.021354166666666667 0.03796296296296296
1 0.5057291666666667 0.17037037037037037 0.017708333333333333 0.10555555555555556
1 0.496875 0.24583333333333332 0.015625 0.07685185185185185
1 0.6161458333333333 0.24675925925925926 0.01875 0.08055555555555556
1 0.6174479166666667 0.32592592592592595 0.016145833333333335 0.07037037037037037
1 0.5221354166666666 0.3287037037037037 0.021354166666666667 0.07407407407407407
1 0.42630208333333336 0.3236111111111111 0.019270833333333334 0.062037037037037036
1 0.35598958333333336 0.42268518518518516 0.018229166666666668 0.09351851851851851
1 0.42083333333333334 0.4236111111111111 0.019791666666666666 0.08611111111111111
1 0.48723958333333334 0.42314814814814816 0.0203125 0.09074074074074075
1 0.5502604166666667 0.425462962962963 0.016145833333333335 0.08796296296296297
1 0.6158854166666666 0.4217592592592593 0.015104166666666667 0.08796296296296297
1 0.6135416666666667 0.5277777777777778 0.01875 0.11666666666666667
1 0.54765625 0.5254629629629629 0.0203125 0.1175925925925926
1 0.478125 0.5268518518518519 0.01875 0.11481481481481481
1 0.4109375 0.5199074074074074 0.019791666666666666 0.10092592592592593
1 0.34427083333333336 0.5236111111111111 0.015625 0.11203703703703703
1 0.4127604166666667 0.625 0.021354166666666667 0.12037037037037036
1 0.5177083333333333 0.625 0.01875 0.12037037037037036
1 0.6223958333333334 0.6236111111111111 0.01875 0.12129629629629629
1 0.49713541666666666 0.7314814814814815 0.0171875 0.12222222222222222
1 0.36041666666666666 0.7305555555555555 0.019791666666666666 0.12037037037037036
1 0.49375 0.825925925925926 0.023958333333333335 0.044444444444444446
