0 0.5927083333333333 0.5532407407407407 0.020833333333333332 0.03425925925925926
1 0.5044270833333333 0.17037037037037037 0.018229166666666668 0.10555555555555556
1 0.496875 0.2439814814814815 0.016666666666666666 0.06574074074074074
1 0.6171875 0.24351851851851852 0.016666666666666666 0.06111111111111111
1 0.61796875 0.325 0.013020833333333334 0.07222222222222222
1 0.5213541666666667 0.325 0.01875 0.06851851851851852
1 0.4244791666666667 0.32592592592592595 0.019791666666666666 0.06851851851851852
1 0.31640625 0.42962962962962964 0.0171875 0.11666666666666667
1 0.3796875 0.4305555555555556 0.017708333333333333 0.12037037037037036
1 0.446875 0.42916666666666664 0.015625 0.10833333333333334
1 0.5111979166666667 0.42777777777777776 0.016145833333333335 0.1111111111111111
1 0.57734375 0.4305555555555556 0.016145833333333335 0.11296296296296296
1 0.615625 0.5194444444444445 0.017708333333333333 0.08888888888888889
1 0.5489583333333333 0.5171296296296296 0.016666666666666666 0.08796296296296297
1 0.4828125 0.5171296296296296 0.020833333333333332 0.08981481481481482
1 0.41458333333333336 0.5162037037037037 0.022916666666666665 0.0824074074074074
1 0.34713541666666664 0.5148148148148148 0.0234375 0.08333333333333333
1 0.41380208333333335 0.625462962962963 0.019270833333333334 0.125
1 0.51796875 0.6236111111111111 0.0171875 0.11944444444444445
1 0.6229166666666667 0.6277777777777778 0.017708333333333333 0.12037037037037036
1 0.49635416666666665 0.7328703703703704 0.017708333333333333 0.12314814814814815
1 0.3606770833333333 0.7300925925925926 0.0203125 0.11944444444444445
1 0.49453125 0.825 0.021354166666666667 0.04814814814814815
