0 0.5705729166666667 0.5421296296296296 0.0203125 0.03981481481481482
1 0.50390625 0.1685185185185185 0.016145833333333335 0.1
1 0.49765625 0.24212962962962964 0.018229166666666668 0.06388888888888888
1 0.61640625 0.24259259259259258 0.016145833333333335 0.06851851851851852
1 0.6171875 0.32685185185185184 0.016666666666666666 0.06851851851851852
1 0.5203125 0.32546296296296295 0.020833333333333332 0.06944444444444445
1 0.4244791666666667 0.32731481481481484 0.017708333333333333 0.062037037037037036
1 0.31666666666666665 0.425462962962963 0.01875 0.09722222222222222
1 0.3802083333333333 0.425 0.019791666666666666 0.09259259259259259
1 0.44505208333333335 0.42407407407407405 0.019270833333333334 0.1
1 0.5119791666666667 0.42453703703703705 0.016666666666666666 0.09537037037037037
1 0.5755208333333334 0.4263888888888889 0.017708333333333333 0.09722222222222222
1 0.32864583333333336 0.5069444444444444 0.014583333333333334 0.04537037037037037
1 0.3958333333333333 0.5097222222222222 0.017708333333333333 0.05092592592592592
1 0.46067708333333335 0.5069444444444444 0.0171875 0.041666666666666664
1 0.5309895833333333 0.5050925925925925 0.016145833333333335 0.049074074074074076
1 0.5950520833333334 0.5046296296296297 0.0171875 0.05
1 0.6229166666666667 0.625 0.020833333333333332 0.12962962962962962
1 0.51796875 0.6263888888888889 0.018229166666666668 0.11944444444444445
1 0.4127604166666667 0.6222222222222222 0.0171875 0.11481481481481481
1 0.35885416666666664 0.7300925925925926 0.016666666666666666 0.12129629629629629
1 0.49505208333333334 0.7296296296296296 0.018229166666666668 0.11851851851851852
1 0.4940104166666667 0.8273148148148148 0.021354166666666667 0.04351851851851852
