0 0.5934895833333333 0.5648148148148148 0.0203125 0.037037037037037035
1 0.5052083333333334 0.17222222222222222 0.016666666666666666 0.1037037037037037
1 0.4973958333333333 0.24305555555555555 0.017708333333333333 0.06759259259259259
1 0.6151041666666667 0.24444444444444444 0.017708333333333333 0.06666666666666667
1 0.6171875 0.32592592592592595 0.016666666666666666 0.07592592592592592
1 0.5213541666666667 0.32731481481481484 0.016666666666666666 0.0712962962962963
1 0.4234375 0.325 0.017708333333333333 0.06851851851851852
1 0.35598958333333336 0.41574074074074074 0.0171875 0.06296296296296296
1 0.41875 0.4162037037037037 0.016666666666666666 0.06759259259259259
1 0.48541666666666666 0.4199074074074074 0.017708333333333333 0.0712962962962963
1 0.5489583333333333 0.41388888888888886 0.020833333333333332 0.06851851851851852
1 0.615625 0.4166666666666667 0.015625 0.06666666666666667
1 0.6143229166666667 0.5203703703703704 0.018229166666666668 0.10555555555555556
1 0.5479166666666667 0.524074074074074 0.019791666666666666 0.10185185185185185
1 0.48203125 0.5208333333333334 0.0171875 0.09907407407407408
1 0.41354166666666664 0.5208333333333334 0.01875 0.09907407407407408
1 0.34713541666666664 0.5208333333333334 0.018229166666666668 0.09907407407407408
1 0.41354166666666664 0.6236111111111111 0.015625 0.1175925925925926
1 0.5177083333333333 0.625462962962963 0.014583333333333334 0.11944444444444445
1 0.6236979166666666 0.6259259259259259 0.019270833333333334 0.11666666666666667
1 0.496875 0.7300925925925926 0.016666666666666666 0.1175925925925926
1 0.35989583333333336 0.7300925925925926 0.01875 0.12129629629629629
1 0.4942708333333333 0.8282407407407407 0.020833333333333332 0.04537037037037037
