0 0.6122395833333333 0.5615740740740741 0.009895833333333333 0.03611111111111111
1 0.5057291666666667 0.17037037037037037 0.016666666666666666 0.10555555555555556
1 0.4973958333333333 0.2449074074074074 0.015625 0.06574074074074074
1 0.615625 0.24305555555555555 0.015625 0.06944444444444445
1 0.6182291666666667 0.32407407407407407 0.015625 0.07037037037037037
1 0.5208333333333334 0.32546296296296295 0.017708333333333333 0.06944444444444445
1 0.4236979166666667 0.3236111111111111 0.0171875 0.06574074074074074
1 0.30442708333333335 0.42962962962962964 0.016145833333333335 0.10185185185185185
1 0.3690104166666667 0.42824074074074076 0.013020833333333334 0.11388888888888889
1 0.43411458333333336 0.43287037037037035 0.021354166666666667 0.10648148148148148
1 0.5002604166666667 0.42592592592592593 0.019270833333333334 0.10555555555555556
1 0.5635416666666667 0.425 0.01875 0.1037037037037037
1 0.6028645833333334 0.5282407407407408 0.018229166666666668 0.11944444444444445
1 0.5364583333333334 0.525 0.020833333333333332 0.11481481481481481
1 0.46875 0.5254629629629629 0.016666666666666666 0.11388888888888889
1 0.4015625 0.5268518518518519 0.01875 0.11666666666666667
1 0.3359375 0.5268518518518519 0.016666666666666666 0.11481481481481481
1 0.4119791666666667 0.625462962962963 0.01875 0.11574074074074074
1 0.5174479166666667 0.6240740740740741 0.0203125 0.12037037037037036
1 0.6229166666666667 0.6282407407407408 0.016666666666666666 0.12129629629629629
1 0.35989583333333336 0.7324074074074074 0.019791666666666666 0.12037037037037036
1 0.49713541666666666 0.7324074074074074 0.018229166666666668 0.12222222222222222
1 0.49322916666666666 0.8268518518518518 0.023958333333333335 0.05
