0 0.5786458333333333 0.4777777777777778 0.022916666666666665 0.03888888888888889
1 0.5059895833333333 0.17175925925925925 0.019270833333333334 0.10648148148148148
1 0.48932291666666666 0.2412037037037037 0.018229166666666668 0.06388888888888888
1 0.6080729166666666 0.2412037037037037 0.0171875 0.06018518518518518
1 0.61875 0.3226851851851852 0.01875 0.05277777777777778
1 0.521875 0.3236111111111111 0.020833333333333332 0.05092592592592592
1 0.4265625 0.32037037037037036 0.021875 0.044444444444444446
1 0.33203125 0.4166666666666667 0.025520833333333333 0.03888888888888889
1 0.3958333333333333 0.41898148148148145 0.022916666666666665 0.04537037037037037
1 0.5260416666666666 0.41712962962962963 0.022916666666666665 0.041666666666666664
1 0.59375 0.4162037037037037 0.027083333333333334 0.049074074074074076
1 0.6229166666666667 0.5185185185185185 0.01875 0.0962962962962963
1 0.5559895833333334 0.5263888888888889 0.016145833333333335 0.10833333333333334
1 0.4901041666666667 0.524074074074074 0.021875 0.11666666666666667
1 0.42213541666666665 0.5217592592592593 0.024479166666666666 0.11388888888888889
1 0.35546875 0.5217592592592593 0.0203125 0.11388888888888889
1 0.41328125 0.625 0.019270833333333334 0.1259259259259259
1 0.5190104166666667 0.6277777777777778 0.018229166666666668 0.12037037037037036
1 0.6244791666666667 0.6273148148148148 0.021875 0.11944444444444445
1 0.49635416666666665 0.7291666666666666 0.023958333333333335 0.12314814814814815
1 0.3614583333333333 0.7291666666666666 0.020833333333333332 0.1175925925925926
1 0.49765625 0.8240740740740741 0.021354166666666667 0.05
