0 0.56875 0.5842592592592593 0.019791666666666666 0.03333333333333333
1 0.4934895833333333 0.1712962962962963 0.018229166666666668 0.10555555555555556
1 0.471875 0.24675925925925926 0.017708333333333333 0.06944444444444445
1 0.5916666666666667 0.2449074074074074 0.016666666666666666 0.06944444444444445
1 0.6184895833333334 0.3236111111111111 0.0171875 0.058333333333333334
1 0.521875 0.3226851851851852 0.016666666666666666 0.058333333333333334
1 0.4244791666666667 0.32175925925925924 0.021875 0.05462962962962963
1 0.3026041666666667 0.41944444444444445 0.01875 0.07037037037037037
1 0.36666666666666664 0.4203703703703704 0.020833333333333332 0.07222222222222222
1 0.43203125 0.4203703703703704 0.018229166666666668 0.06851851851851852
1 0.4981770833333333 0.41759259259259257 0.0171875 0.06666666666666667
1 0.5625 0.4199074074074074 0.015625 0.062037037037037036
1 0.5666666666666667 0.524537037037037 0.020833333333333332 0.11388888888888889
1 0.50078125 0.524537037037037 0.021354166666666667 0.11574074074074074
1 0.43385416666666665 0.525 0.017708333333333333 0.11481481481481481
1 0.36692708333333335 0.5254629629629629 0.016145833333333335 0.12129629629629629
1 0.29973958333333334 0.5226851851851851 0.0171875 0.11388888888888889
1 0.41432291666666665 0.6259259259259259 0.0203125 0.12222222222222222
1 0.5192708333333333 0.6231481481481481 0.019791666666666666 0.12222222222222222
1 0.62421875 0.625 0.0203125 0.12222222222222222
1 0.36223958333333334 0.7296296296296296 0.021354166666666667 0.11666666666666667
1 0.4981770833333333 0.7310185185185185 0.019270833333333334 0.11574074074074074
1 0.4973958333333333 0.8268518518518518 0.017708333333333333 0.04259259259259259
