0 0.5854166666666667 0.5717592592592593 0.021875 0.03796296296296296
1 0.5059895833333333 0.17083333333333334 0.016145833333333335 0.10092592592592593
1 0.4979166666666667 0.24444444444444444 0.017708333333333333 0.06666666666666667
1 0.6169270833333333 0.24305555555555555 0.015104166666666667 0.06759259259259259
1 0.6182291666666667 0.32592592592592595 0.016666666666666666 0.06666666666666667
1 0.5216145833333333 0.32546296296296295 0.018229166666666668 0.062037037037037036
1 0.42552083333333335 0.3236111111111111 0.017708333333333333 0.058333333333333334
1 0.3390625 0.425 0.020833333333333332 0.1037037037037037
1 0.40390625 0.425 0.018229166666666668 0.10185185185185185
1 0.47109375 0.43148148148148147 0.0140625 0.10925925925925926
1 0.5354166666666667 0.4305555555555556 0.01875 0.11666666666666667
1 0.6015625 0.42824074074074076 0.019791666666666666 0.10833333333333334
1 0.6158854166666666 0.5203703703703704 0.0203125 0.10740740740740741
1 0.5497395833333333 0.525 0.0203125 0.1111111111111111
1 0.4822916666666667 0.5236111111111111 0.017708333333333333 0.09907407407407408
1 0.41510416666666666 0.5194444444444445 0.020833333333333332 0.09814814814814815
1 0.3497395833333333 0.5212962962962963 0.018229166666666668 0.10925925925925926
1 0.41484375 0.625462962962963 0.018229166666666668 0.11944444444444445
1 0.5190104166666667 0.6217592592592592 0.019270833333333334 0.12314814814814815
1 0.6247395833333333 0.625462962962963 0.019270833333333334 0.12129629629629629
1 0.49661458333333336 0.7300925925925926 0.0203125 0.11574074074074074
1 0.3611979166666667 0.7291666666666666 0.022395833333333334 0.1175925925925926
1 0.49765625 0.825925925925926 0.022395833333333334 0.046296296296296294
