0 0.5778645833333333 0.5648148148148148 0.0067708333333333336 0.025925925925925925
1 0.5020833333333333 0.17083333333333334 0.01875 0.10648148148148148
1 0.4940104166666667 0.24305555555555555 0.019270833333333334 0.06944444444444445
1 0.61484375 0.24537037037037038 0.015104166666666667 0.06851851851851852
1 0.6184895833333334 0.32175925925925924 0.016145833333333335 0.058333333333333334
1 0.5231770833333333 0.32175925925925924 0.0171875 0.05462962962962963
1 0.425 0.3212962962962963 0.017708333333333333 0.05555555555555555
1 0.30494791666666665 0.4203703703703704 0.019270833333333334 0.06296296296296296
1 0.36875 0.41759259259259257 0.016666666666666666 0.06296296296296296
1 0.43333333333333335 0.41712962962962963 0.021875 0.06574074074074074
1 0.49895833333333334 0.4185185185185185 0.019791666666666666 0.05925925925925926
1 0.5640625 0.4166666666666667 0.017708333333333333 0.05925925925925926
1 0.31588541666666664 0.524537037037037 0.019270833333333334 0.12129629629629629
1 0.3846354166666667 0.5259259259259259 0.0171875 0.12037037037037036
1 0.45 0.5273148148148148 0.01875 0.11574074074074074
1 0.5197916666666667 0.5175925925925926 0.01875 0.10740740740740741
1 0.5856770833333333 0.5333333333333333 0.019270833333333334 0.13333333333333333
1 0.41380208333333335 0.6263888888888889 0.0171875 0.11944444444444445
1 0.5200520833333333 0.625462962962963 0.019270833333333334 0.11574074074074074
1 0.6247395833333333 0.624537037037037 0.0171875 0.12129629629629629
1 0.4979166666666667 0.7305555555555555 0.014583333333333334 0.1111111111111111
1 0.3625 0.7314814814814815 0.021875 0.11296296296296296
1 0.496875 0.8268518518518518 0.020833333333333332 0.04259259259259259
