0 0.5791666666666667 0.5745370370370371 0.021875 0.03425925925925926
1 0.50546875 0.1699074074074074 0.016145833333333335 0.10092592592592593
1 0.4973958333333333 0.24768518518518517 0.014583333333333334 0.06944444444444445
1 0.61640625 0.24583333333333332 0.016145833333333335 0.0712962962962963
1 0.6174479166666667 0.32314814814814813 0.0171875 0.05740740740740741
1 0.521875 0.32407407407407407 0.01875 0.05555555555555555
1 0.42630208333333336 0.32314814814814813 0.019270833333333334 0.05185185185185185
1 0.3255208333333333 0.425462962962963 0.020833333333333332 0.09907407407407408
1 0.3885416666666667 0.42314814814814816 0.020833333333333332 0.0962962962962963
1 0.453125 0.41898148148148145 0.019791666666666666 0.08981481481481482
1 0.5205729166666667 0.42453703703703705 0.018229166666666668 0.09537037037037037
1 0.5841145833333333 0.4212962962962963 0.016145833333333335 0.09259259259259259
1 0.61328125 0.5226851851851851 0.018229166666666668 0.10833333333333334
1 0.5466145833333333 0.524074074074074 0.018229166666666668 0.11296296296296296
1 0.48072916666666665 0.5259259259259259 0.020833333333333332 0.11666666666666667
1 0.41380208333333335 0.5185185185185185 0.021354166666666667 0.1037037037037037
1 0.3455729166666667 0.525 0.018229166666666668 0.1111111111111111
1 0.41510416666666666 0.6263888888888889 0.017708333333333333 0.11944444444444445
1 0.52109375 0.6240740740740741 0.0203125 0.12777777777777777
1 0.62578125 0.6226851851851852 0.019270833333333334 0.12129629629629629
1 0.3606770833333333 0.7319444444444444 0.018229166666666668 0.11944444444444445
1 0.49895833333333334 0.7324074074074074 0.01875 0.12037037037037036
1 0.4979166666666667 0.8296296296296296 0.022916666666666665 0.046296296296296294
