0 0.5885416666666666 0.5689814814814815 0.014583333333333334 0.04351851851851852
1 0.50546875 0.17083333333333334 0.016145833333333335 0.10648148148148148
1 0.49921875 0.2462962962962963 0.018229166666666668 0.07037037037037037
1 0.6169270833333333 0.24259259259259258 0.0171875 0.06481481481481481
1 0.61796875 0.3226851851851852 0.019270833333333334 0.06388888888888888
1 0.5229166666666667 0.324537037037037 0.01875 0.062037037037037036
1 0.42734375 0.3226851851851852 0.019270833333333334 0.05277777777777778
1 0.32864583333333336 0.42916666666666664 0.019791666666666666 0.1175925925925926
1 0.39140625 0.4310185185185185 0.018229166666666668 0.1175925925925926
1 0.45598958333333334 0.4305555555555556 0.0203125 0.11296296296296296
1 0.521875 0.4287037037037037 0.022916666666666665 0.1111111111111111
1 0.5869791666666667 0.4305555555555556 0.020833333333333332 0.11666666666666667
1 0.5783854166666667 0.5287037037037037 0.016145833333333335 0.11481481481481481
1 0.5122395833333333 0.5268518518518519 0.019270833333333334 0.11666666666666667
1 0.44427083333333334 0.524537037037037 0.019791666666666666 0.11388888888888889
1 0.3776041666666667 0.5259259259259259 0.016666666666666666 0.11666666666666667
1 0.3111979166666667 0.5259259259259259 0.0171875 0.1111111111111111
1 0.41484375 0.625 0.018229166666666668 0.11851851851851852
1 0.5171875 0.625462962962963 0.023958333333333335 0.11574074074074074
1 0.6255208333333333 0.6296296296296297 0.016666666666666666 0.11481481481481481
1 0.4984375 0.7314814814814815 0.020833333333333332 0.11666666666666667
1 0.36041666666666666 0.7273148148148149 0.020833333333333332 0.11944444444444445
1 0.49609375 0.8277777777777777 0.022395833333333334 0.05185185185185185
