0 0.6111979166666667 0.5333333333333333 0.019270833333333334 0.025925925925925925
1 0.50546875 0.16898148148148148 0.0171875 0.10277777777777777
1 0.49895833333333334 0.24583333333333332 0.021875 0.06944444444444445
1 0.6171875 0.24351851851851852 0.014583333333333334 0.06851851851851852
1 0.61953125 0.32314814814814813 0.015104166666666667 0.05740740740740741
1 0.5231770833333333 0.3263888888888889 0.018229166666666668 0.05648148148148148
1 0.42552083333333335 0.32314814814814813 0.017708333333333333 0.05185185185185185
1 0.3190104166666667 0.41944444444444445 0.022395833333333334 0.06296296296296296
1 0.38359375 0.41805555555555557 0.022395833333333334 0.062037037037037036
1 0.44895833333333335 0.41805555555555557 0.019791666666666666 0.062037037037037036
1 0.5135416666666667 0.4185185185185185 0.017708333333333333 0.06296296296296296
1 0.5768229166666666 0.41898148148148145 0.018229166666666668 0.06018518518518518
1 0.5424479166666667 0.5087962962962963 0.0171875 0.03981481481481482
1 0.6096354166666667 0.5078703703703704 0.016145833333333335 0.04351851851851852
1 0.47630208333333335 0.5083333333333333 0.0140625 0.04814814814814815
1 0.4080729166666667 0.5074074074074074 0.0203125 0.04259259259259259
1 0.340625 0.5087962962962963 0.016666666666666666 0.04351851851851852
1 0.41302083333333334 0.6282407407407408 0.019791666666666666 0.125
1 0.5197916666666667 0.625462962962963 0.020833333333333332 0.125
1 0.625 0.6273148148148148 0.019791666666666666 0.12129629629629629
1 0.496875 0.7319444444444444 0.020833333333333332 0.1175925925925926
1 0.3606770833333333 0.7314814814814815 0.0203125 0.11851851851851852
1 0.496875 0.8268518518518518 0.021875 0.05
