0 0.48880208333333336 0.5884259259259259 0.0203125 0.032407407407407406
1 0.5057291666666667 0.16944444444444445 0.01875 0.10555555555555556
1 0.4979166666666667 0.24537037037037038 0.01875 0.07037037037037037
1 0.6171875 0.2439814814814815 0.016666666666666666 0.0712962962962963
1 0.61796875 0.3226851851851852 0.0171875 0.06388888888888888
1 0.5234375 0.325 0.019791666666666666 0.06111111111111111
1 0.42604166666666665 0.3226851851851852 0.019791666666666666 0.05648148148148148
1 0.32109375 0.4222222222222222 0.022395833333333334 0.07407407407407407
1 0.38723958333333336 0.4217592592592593 0.0171875 0.07685185185185185
1 0.45260416666666664 0.4203703703703704 0.016666666666666666 0.07962962962962963
1 0.51875 0.41805555555555557 0.01875 0.08055555555555556
1 0.584375 0.4203703703703704 0.017708333333333333 0.08333333333333333
1 0.5755208333333334 0.524537037037037 0.019791666666666666 0.12314814814814815
1 0.5072916666666667 0.5236111111111111 0.019791666666666666 0.11018518518518519
1 0.43984375 0.5222222222222223 0.019270833333333334 0.11666666666666667
1 0.37265625 0.5268518518518519 0.019270833333333334 0.11851851851851852
1 0.30546875 0.5236111111111111 0.0140625 0.11203703703703703
1 0.41354166666666664 0.625462962962963 0.016666666666666666 0.11574074074074074
1 0.5192708333333333 0.6263888888888889 0.016666666666666666 0.11944444444444445
1 0.6247395833333333 0.6236111111111111 0.016145833333333335 0.11574074074074074
1 0.3614583333333333 0.7305555555555555 0.015625 0.11481481481481481
1 0.496875 0.7291666666666666 0.01875 0.12129629629629629
1 0.4973958333333333 0.8268518518518518 0.021875 0.05
