0 0.5638020833333334 0.5800925925925926 0.021354166666666667 0.03796296296296296
1 0.5065104166666666 0.17222222222222222 0.016145833333333335 0.10555555555555556
1 0.4986979166666667 0.24444444444444444 0.0171875 0.06666666666666667
1 0.61796875 0.24444444444444444 0.015104166666666667 0.07037037037037037
1 0.6190104166666667 0.3236111111111111 0.019270833333333334 0.062037037037037036
1 0.5229166666666667 0.32407407407407407 0.019791666666666666 0.05740740740740741
1 0.42473958333333334 0.32083333333333336 0.0171875 0.05648148148148148
1 0.3229166666666667 0.42962962962962964 0.017708333333333333 0.11296296296296296
1 0.38671875 0.4310185185185185 0.019270833333333334 0.11574074074074074
1 0.45260416666666664 0.4300925925925926 0.01875 0.1175925925925926
1 0.5166666666666667 0.42777777777777776 0.020833333333333332 0.11296296296296296
1 0.5828125 0.4287037037037037 0.017708333333333333 0.11851851851851852
1 0.6096354166666667 0.5231481481481481 0.018229166666666668 0.1259259259259259
1 0.5447916666666667 0.5268518518518519 0.020833333333333332 0.12037037037037036
1 0.47682291666666665 0.5231481481481481 0.016145833333333335 0.1111111111111111
1 0.40989583333333335 0.524074074074074 0.01875 0.11666666666666667
1 0.34479166666666666 0.5263888888888889 0.01875 0.11203703703703703
1 0.4140625 0.6240740740740741 0.017708333333333333 0.12037037037037036
1 0.5192708333333333 0.6231481481481481 0.016666666666666666 0.1259259259259259
1 0.6239583333333333 0.6263888888888889 0.014583333333333334 0.11944444444444445
1 0.49765625 0.7310185185185185 0.019270833333333334 0.11944444444444445
1 0.36171875 0.7333333333333333 0.021354166666666667 0.12222222222222222
1 0.49661458333333336 0.8296296296296296 0.022395833333333334 0.05
