0 0.62734375 0.674537037037037 0.021354166666666667 0.03981481481481482
1 0.5057291666666667 0.17314814814814813 0.019791666666666666 0.1
1 0.49765625 0.24444444444444444 0.018229166666666668 0.06111111111111111
1 0.6169270833333333 0.24166666666666667 0.0140625 0.06296296296296296
1 0.6190104166666667 0.3199074074074074 0.015104166666666667 0.06574074074074074
1 0.5223958333333333 0.32037037037037036 0.017708333333333333 0.05
1 0.42604166666666665 0.324537037037037 0.021875 0.05277777777777778
1 0.3375 0.42083333333333334 0.019791666666666666 0.08055555555555556
1 0.40130208333333334 0.42268518518518516 0.022395833333333334 0.08055555555555556
1 0.46927083333333336 0.42268518518518516 0.016666666666666666 0.08055555555555556
1 0.53125 0.4203703703703704 0.017708333333333333 0.07592592592592592
1 0.5953125 0.4199074074074074 0.013541666666666667 0.075
1 0.35234375 0.5087962962962963 0.018229166666666668 0.04537037037037037
1 0.42213541666666665 0.5101851851851852 0.015104166666666667 0.03518518518518519
1 0.4903645833333333 0.5055555555555555 0.016145833333333335 0.040740740740740744
1 0.5557291666666667 0.5064814814814815 0.022916666666666665 0.04259259259259259
1 0.6236979166666666 0.5078703703703704 0.021354166666666667 0.041666666666666664
1 0.60390625 0.625 0.016145833333333335 0.12222222222222222
1 0.4979166666666667 0.6240740740740741 0.019791666666666666 0.1111111111111111
1 0.39296875 0.6277777777777778 0.019270833333333334 0.12407407407407407
1 0.3619791666666667 0.7300925925925926 0.021875 0.125
1 0.4973958333333333 0.7337962962962963 0.016666666666666666 0.11944444444444445
1 0.49557291666666664 0.8222222222222222 0.0234375 0.05
