0 0.6041666666666666 0.6393518518518518 0.020833333333333332 0.028703703703703703
1 0.45989583333333334 0.1712962962962963 0.021875 0.10740740740740741
1 0.41328125 0.24814814814814815 0.0203125 0.09814814814814815
1 0.5333333333333333 0.2490740740740741 0.01875 0.09074074074074075
1 0.5223958333333333 0.32592592592592595 0.014583333333333334 0.06296296296296296
1 0.61875 0.32314814814814813 0.011458333333333333 0.05555555555555555
1 0.4244791666666667 0.324537037037037 0.019791666666666666 0.058333333333333334
1 0.33932291666666664 0.4222222222222222 0.0171875 0.07407407407407407
1 0.403125 0.4217592592592593 0.017708333333333333 0.06944444444444445
1 0.4669270833333333 0.4212962962962963 0.0203125 0.07407407407407407
1 0.5317708333333333 0.4217592592592593 0.01875 0.07685185185185185
1 0.5981770833333333 0.41944444444444445 0.016145833333333335 0.07777777777777778
1 0.35390625 0.5074074074074074 0.018229166666666668 0.046296296296296294
1 0.42083333333333334 0.5050925925925925 0.016666666666666666 0.041666666666666664
1 0.4890625 0.5069444444444444 0.017708333333333333 0.04351851851851852
1 0.5567708333333333 0.5060185185185185 0.017708333333333333 0.04537037037037037
1 0.6231770833333333 0.5041666666666667 0.0171875 0.04537037037037037
1 0.5973958333333333 0.6106481481481482 0.01875 0.04537037037037037
1 0.49192708333333335 0.6125 0.018229166666666668 0.04722222222222222
1 0.38671875 0.6092592592592593 0.016145833333333335 0.044444444444444446
1 0.3372395833333333 0.7268518518518519 0.0171875 0.11296296296296296
1 0.47291666666666665 0.7291666666666666 0.016666666666666666 0.11018518518518519
1 0.49583333333333335 0.8314814814814815 0.017708333333333333 0.040740740740740744
