0 0.4752604166666667 0.6402777777777777 0.025520833333333333 0.041666666666666664
1 0.4583333333333333 0.1712962962962963 0.017708333333333333 0.1
1 0.41380208333333335 0.25 0.021354166666666667 0.09074074074074075
1 0.5333333333333333 0.2462962962962963 0.017708333333333333 0.09444444444444444
1 0.5013020833333334 0.3277777777777778 0.016145833333333335 0.07407407407407407
1 0.4049479166666667 0.32685185185185184 0.019270833333333334 0.07407407407407407
1 0.3072916666666667 0.3282407407407407 0.017708333333333333 0.075
1 0.34609375 0.42314814814814816 0.0203125 0.0962962962962963
1 0.41015625 0.42453703703703705 0.022395833333333334 0.09907407407407408
1 0.47604166666666664 0.4236111111111111 0.01875 0.09722222222222222
1 0.5408854166666667 0.4273148148148148 0.019270833333333334 0.09351851851851851
1 0.60625 0.42685185185185187 0.014583333333333334 0.09259259259259259
1 0.29010416666666666 0.525 0.014583333333333334 0.10740740740740741
1 0.3575520833333333 0.5222222222222223 0.015104166666666667 0.10740740740740741
1 0.42421875 0.5231481481481481 0.0171875 0.10555555555555556
1 0.49270833333333336 0.5226851851851851 0.017708333333333333 0.11203703703703703
1 0.5588541666666667 0.5217592592592593 0.020833333333333332 0.10833333333333334
1 0.6143229166666667 0.611574074074074 0.0203125 0.04351851851851852
1 0.5091145833333334 0.6138888888888889 0.019270833333333334 0.03888888888888889
1 0.40338541666666666 0.611574074074074 0.016145833333333335 0.041666666666666664
1 0.3377604166666667 0.7143518518518519 0.018229166666666668 0.05648148148148148
1 0.47317708333333336 0.7134259259259259 0.016145833333333335 0.05648148148148148
1 0.40963541666666664 0.8268518518518518 0.018229166666666668 0.040740740740740744
