0 0.48776041666666664 0.687962962962963 0.015104166666666667 0.03148148148148148
1 0.45989583333333334 0.17037037037037037 0.019791666666666666 0.1
1 0.4125 0.25 0.019791666666666666 0.09074074074074075
1 0.53125 0.24814814814814815 0.017708333333333333 0.08888888888888889
1 0.4979166666666667 0.32546296296296295 0.01875 0.06759259259259259
1 0.4015625 0.3263888888888889 0.017708333333333333 0.06759259259259259
1 0.30416666666666664 0.3287037037037037 0.017708333333333333 0.06296296296296296
1 0.353125 0.42777777777777776 0.01875 0.1
1 0.4171875 0.42962962962962964 0.017708333333333333 0.1
1 0.4822916666666667 0.42685185185185187 0.01875 0.1
1 0.5481770833333334 0.425462962962963 0.0171875 0.09722222222222222
1 0.6145833333333334 0.4236111111111111 0.014583333333333334 0.10092592592592593
1 0.5598958333333334 0.5212962962962963 0.016666666666666666 0.10740740740740741
1 0.4934895833333333 0.5208333333333334 0.016145833333333335 0.10092592592592593
1 0.42578125 0.5212962962962963 0.018229166666666668 0.10185185185185185
1 0.35703125 0.5222222222222223 0.016145833333333335 0.10185185185185185
1 0.2908854166666667 0.5231481481481481 0.016145833333333335 0.1
1 0.37213541666666666 0.625462962962963 0.016145833333333335 0.125
1 0.4783854166666667 0.6259259259259259 0.0203125 0.11851851851851852
1 0.5825520833333333 0.6263888888888889 0.019270833333333334 0.11388888888888889
1 0.4747395833333333 0.7148148148148148 0.019270833333333334 0.05740740740740741
1 0.33671875 0.7162037037037037 0.019270833333333334 0.05462962962962963
1 0.409375 0.825462962962963 0.025 0.049074074074074076
