0 0.4859375 0.6930555555555555 0.021875 0.032407407407407406
1 0.47421875 0.17037037037037037 0.0171875 0.10555555555555556
1 0.46119791666666665 0.2462962962962963 0.0171875 0.08148148148148149
1 0.5815104166666667 0.2462962962962963 0.015104166666666667 0.08518518518518518
1 0.5010416666666667 0.32083333333333336 0.013541666666666667 0.041666666666666664
1 0.4036458333333333 0.325 0.01875 0.04814814814814815
1 0.3072916666666667 0.3226851851851852 0.019791666666666666 0.04722222222222222
1 0.35963541666666665 0.42685185185185187 0.0171875 0.10555555555555556
1 0.4231770833333333 0.425 0.0171875 0.10185185185185185
1 0.4908854166666667 0.4263888888888889 0.0171875 0.10277777777777777
1 0.55546875 0.425462962962963 0.018229166666666668 0.09907407407407408
1 0.62109375 0.4263888888888889 0.016145833333333335 0.09907407407407408
1 0.5580729166666667 0.5203703703703704 0.015104166666666667 0.10555555555555556
1 0.49192708333333335 0.5203703703703704 0.0203125 0.1037037037037037
1 0.42604166666666665 0.5208333333333334 0.015625 0.10462962962962963
1 0.35703125 0.5199074074074074 0.015104166666666667 0.10092592592592593
1 0.2903645833333333 0.5203703703703704 0.015104166666666667 0.1037037037037037
1 0.3809895833333333 0.6263888888888889 0.016145833333333335 0.12685185185185185
1 0.48489583333333336 0.6287037037037037 0.022916666666666665 0.11851851851851852
1 0.5924479166666666 0.625 0.0203125 0.12037037037037036
1 0.42265625 0.7328703703703704 0.019270833333333334 0.1175925925925926
1 0.5583333333333333 0.7314814814814815 0.022916666666666665 0.12222222222222222
1 0.49635416666666665 0.8240740740740741 0.023958333333333335 0.05
