0 0.48046875 0.6930555555555555 0.024479166666666666 0.028703703703703703
1 0.47369791666666666 0.17222222222222222 0.021354166666666667 0.1111111111111111
1 0.46145833333333336 0.24814814814814815 0.020833333333333332 0.08148148148148149
1 0.5807291666666666 0.25 0.020833333333333332 0.08703703703703704
1 0.49895833333333334 0.3236111111111111 0.01875 0.058333333333333334
1 0.40130208333333334 0.3236111111111111 0.0203125 0.062037037037037036
1 0.30520833333333336 0.324537037037037 0.021875 0.06388888888888888
1 0.36041666666666666 0.42777777777777776 0.020833333333333332 0.09444444444444444
1 0.42526041666666664 0.42453703703703705 0.0171875 0.09907407407407408
1 0.48984375 0.42592592592592593 0.015104166666666667 0.10185185185185185
1 0.5557291666666667 0.42824074074074076 0.021875 0.10462962962962963
1 0.6208333333333333 0.4236111111111111 0.020833333333333332 0.09722222222222222
1 0.559375 0.5222222222222223 0.022916666666666665 0.10925925925925926
1 0.4921875 0.5217592592592593 0.017708333333333333 0.11574074074074074
1 0.42526041666666664 0.5222222222222223 0.019270833333333334 0.11296296296296296
1 0.35885416666666664 0.5226851851851851 0.014583333333333334 0.10648148148148148
1 0.2908854166666667 0.5226851851851851 0.016145833333333335 0.11203703703703703
1 0.37473958333333335 0.6277777777777778 0.0203125 0.12407407407407407
1 0.47994791666666664 0.6236111111111111 0.0203125 0.12129629629629629
1 0.58359375 0.6231481481481481 0.019270833333333334 0.12037037037037036
1 0.5513020833333333 0.7296296296296296 0.0203125 0.1259259259259259
1 0.41432291666666665 0.7314814814814815 0.0171875 0.11851851851851852
1 0.4583333333333333 0.8310185185185185 0.01875 0.03796296296296296
