0 0.48489583333333336 0.6912037037037037 0.01875 0.030555555555555555
1 0.4752604166666667 0.16944444444444445 0.022395833333333334 0.10925925925925926
1 0.46171875 0.2462962962962963 0.0171875 0.07777777777777778
1 0.5807291666666666 0.24583333333333332 0.017708333333333333 0.08611111111111111
1 0.4981770833333333 0.3287037037037037 0.022395833333333334 0.07037037037037037
1 0.40260416666666665 0.32731481481481484 0.017708333333333333 0.0712962962962963
1 0.30625 0.32685185185185184 0.020833333333333332 0.07037037037037037
1 0.36015625 0.425462962962963 0.0203125 0.09907407407407408
1 0.42578125 0.425 0.018229166666666668 0.09814814814814815
1 0.4901041666666667 0.425 0.016666666666666666 0.09444444444444444
1 0.5557291666666667 0.42407407407407405 0.015625 0.09074074074074075
1 0.6197916666666666 0.4222222222222222 0.016666666666666666 0.09259259259259259
1 0.2911458333333333 0.5236111111111111 0.014583333333333334 0.10648148148148148
1 0.3567708333333333 0.5273148148148148 0.015625 0.10277777777777777
1 0.42473958333333334 0.524074074074074 0.0203125 0.10925925925925926
1 0.49244791666666665 0.5254629629629629 0.019270833333333334 0.11388888888888889
1 0.5596354166666667 0.524074074074074 0.0203125 0.10925925925925926
1 0.5958333333333333 0.6259259259259259 0.020833333333333332 0.12037037037037036
1 0.49114583333333334 0.6287037037037037 0.01875 0.12222222222222222
1 0.3854166666666667 0.6268518518518519 0.017708333333333333 0.11851851851851852
1 0.42526041666666664 0.8282407407407407 0.022395833333333334 0.032407407407407406
1 0.52890625 0.7189814814814814 0.0265625 0.041666666666666664
1 0.3846354166666667 0.712037037037037 0.0234375 0.05185185185185185
