0 0.47942708333333334 0.6958333333333333 0.0171875 0.025
1 0.47369791666666666 0.1699074074074074 0.018229166666666668 0.10277777777777777
1 0.46197916666666666 0.24768518518518517 0.020833333333333332 0.0787037037037037
1 0.5802083333333333 0.2490740740740741 0.016666666666666666 0.08333333333333333
1 0.40130208333333334 0.33055555555555555 0.019270833333333334 0.06296296296296296
1 0.49921875 0.32592592592592595 0.0140625 0.06111111111111111
1 0.30520833333333336 0.32685185185185184 0.01875 0.05925925925925926
1 0.35989583333333336 0.42824074074074076 0.01875 0.10092592592592593
1 0.42473958333333334 0.42685185185185187 0.018229166666666668 0.1
1 0.4903645833333333 0.4263888888888889 0.015104166666666667 0.09907407407407408
1 0.55625 0.42685185185185187 0.016666666666666666 0.09444444444444444
1 0.6205729166666667 0.42916666666666664 0.016145833333333335 0.10277777777777777
1 0.56015625 0.525 0.018229166666666668 0.10925925925925926
1 0.49322916666666666 0.525 0.019791666666666666 0.1111111111111111
1 0.42552083333333335 0.5217592592592593 0.01875 0.11203703703703703
1 0.3575520833333333 0.524537037037037 0.0171875 0.10462962962962963
1 0.2921875 0.5236111111111111 0.016666666666666666 0.10833333333333334
1 0.37473958333333335 0.6273148148148148 0.018229166666666668 0.11574074074074074
1 0.47994791666666664 0.6268518518518519 0.019270833333333334 0.11851851851851852
1 0.5848958333333333 0.6282407407407408 0.021875 0.12314814814814815
1 0.48984375 0.7166666666666667 0.0171875 0.053703703703703705
1 0.3533854166666667 0.712037037037037 0.0203125 0.053703703703703705
1 0.45598958333333334 0.8305555555555556 0.0234375 0.03333333333333333
