0 0.4869791666666667 0.6912037037037037 0.022916666666666665 0.03425925925925926
1 0.47421875 0.17037037037037037 0.0171875 0.1037037037037037
1 0.46145833333333336 0.24768518518518517 0.019791666666666666 0.08425925925925926
1 0.5802083333333333 0.24722222222222223 0.016666666666666666 0.08518518518518518
1 0.49973958333333335 0.3282407407407407 0.0171875 0.06574074074074074
1 0.40130208333333334 0.3287037037037037 0.018229166666666668 0.06851851851851852
1 0.30572916666666666 0.32916666666666666 0.022916666666666665 0.06944444444444445
1 0.36015625 0.425462962962963 0.019270833333333334 0.10092592592592593
1 0.4234375 0.4310185185185185 0.019791666666666666 0.10092592592592593
1 0.48932291666666666 0.42407407407407405 0.019270833333333334 0.09814814814814815
1 0.5565104166666667 0.425462962962963 0.016145833333333335 0.09537037037037037
1 0.6213541666666667 0.42685185185185187 0.017708333333333333 0.10185185185185185
1 0.559375 0.5217592592592593 0.017708333333333333 0.11388888888888889
1 0.49270833333333336 0.5194444444444445 0.020833333333333332 0.10740740740740741
1 0.42473958333333334 0.525 0.019270833333333334 0.12037037037037036
1 0.3580729166666667 0.524537037037037 0.021354166666666667 0.125
1 0.2921875 0.5236111111111111 0.014583333333333334 0.11203703703703703
1 0.3875 0.6273148148148148 0.021875 0.12314814814814815
1 0.49270833333333336 0.625462962962963 0.020833333333333332 0.12314814814814815
1 0.5979166666666667 0.6268518518518519 0.021875 0.1259259259259259
1 0.5908854166666667 0.7129629629629629 0.019270833333333334 0.05185185185185185
1 0.4546875 0.7092592592592593 0.019791666666666666 0.05555555555555555
1 0.47552083333333334 0.8287037037037037 0.021875 0.04259259259259259
