0 0.40911458333333334 0.5685185185185185 0.018229166666666668 0.03333333333333333
1 0.46640625 0.17175925925925925 0.024479166666666666 0.10833333333333334
1 0.4591145833333333 0.2439814814814815 0.022395833333333334 0.06759259259259259
1 0.57734375 0.24259259259259258 0.016145833333333335 0.06111111111111111
1 0.5010416666666667 0.3263888888888889 0.020833333333333332 0.06759259259259259
1 0.40338541666666666 0.32685185185185184 0.0203125 0.05925925925925926
1 0.3072916666666667 0.32592592592592595 0.020833333333333332 0.06296296296296296
1 0.31614583333333335 0.4222222222222222 0.020833333333333332 0.09814814814814815
1 0.37838541666666664 0.42314814814814816 0.021354166666666667 0.0962962962962963
1 0.44244791666666666 0.4212962962962963 0.016145833333333335 0.0962962962962963
1 0.51015625 0.4222222222222222 0.022395833333333334 0.09259259259259259
1 0.5763020833333333 0.41944444444444445 0.0171875 0.09444444444444444
1 0.29973958333333334 0.5185185185185185 0.019270833333333334 0.07407407407407407
1 0.3671875 0.5166666666666667 0.017708333333333333 0.07222222222222222
1 0.4328125 0.5157407407407407 0.017708333333333333 0.07592592592592592
1 0.5026041666666666 0.5152777777777777 0.017708333333333333 0.08055555555555556
1 0.57109375 0.5194444444444445 0.022395833333333334 0.08333333333333333
1 0.49166666666666664 0.624537037037037 0.020833333333333332 0.125
1 0.38697916666666665 0.6268518518518519 0.017708333333333333 0.12222222222222222
1 0.2825520833333333 0.6287037037037037 0.021354166666666667 0.12407407407407407
1 0.41770833333333335 0.7319444444444444 0.017708333333333333 0.11388888888888889
1 0.5546875 0.7305555555555555 0.017708333333333333 0.11666666666666667
1 0.4510416666666667 0.8314814814814815 0.021875 0.037037037037037035
