0 0.41380208333333335 0.4615740740740741 0.019270833333333334 0.03611111111111111
1 0.43984375 0.1726851851851852 0.0171875 0.10092592592592593
1 0.4171875 0.2462962962962963 0.017708333333333333 0.07592592592592592
1 0.53671875 0.24675925925925926 0.0140625 0.075
1 0.49713541666666666 0.32916666666666666 0.0171875 0.08055555555555556
1 0.40078125 0.3300925925925926 0.0203125 0.0787037037037037
1 0.30494791666666665 0.3287037037037037 0.021354166666666667 0.07222222222222222
1 0.3067708333333333 0.4217592592592593 0.019791666666666666 0.08055555555555556
1 0.371875 0.4212962962962963 0.01875 0.07592592592592592
1 0.43645833333333334 0.42268518518518516 0.020833333333333332 0.08055555555555556
1 0.5018229166666667 0.4217592592592593 0.021354166666666667 0.08055555555555556
1 0.5677083333333334 0.4203703703703704 0.01875 0.07407407407407407
1 0.6174479166666667 0.5087962962962963 0.016145833333333335 0.05277777777777778
1 0.55 0.5083333333333333 0.019791666666666666 0.05740740740740741
1 0.48359375 0.5097222222222222 0.016145833333333335 0.05092592592592592
1 0.4161458333333333 0.5074074074074074 0.020833333333333332 0.053703703703703705
1 0.34921875 0.5023148148148148 0.019270833333333334 0.041666666666666664
1 0.28203125 0.6259259259259259 0.016145833333333335 0.1259259259259259
1 0.3880208333333333 0.6240740740740741 0.01875 0.12222222222222222
1 0.49192708333333335 0.625462962962963 0.0171875 0.12129629629629629
1 0.30833333333333335 0.7282407407407407 0.021875 0.11018518518518519
1 0.44375 0.7291666666666666 0.021875 0.11018518518518519
1 0.39895833333333336 0.8212962962962963 0.019791666666666666 0.044444444444444446
