0 0.35442708333333334 0.45416666666666666 0.024479166666666666 0.03611111111111111
1 0.42682291666666666 0.17175925925925925 0.0171875 0.10462962962962963
1 0.4171875 0.24768518518518517 0.01875 0.0824074074074074
1 0.5361979166666667 0.24768518518518517 0.0140625 0.0824074074074074
1 0.4984375 0.32685185185185184 0.016666666666666666 0.06481481481481481
1 0.40182291666666664 0.3282407407407407 0.019270833333333334 0.06759259259259259
1 0.30494791666666665 0.3263888888888889 0.0203125 0.06759259259259259
1 0.32916666666666666 0.4222222222222222 0.01875 0.06481481481481481
1 0.3919270833333333 0.41898148148148145 0.0171875 0.06759259259259259
1 0.4596354166666667 0.41898148148148145 0.015104166666666667 0.06388888888888888
1 0.5247395833333334 0.41944444444444445 0.015104166666666667 0.06481481481481481
1 0.58984375 0.42083333333333334 0.018229166666666668 0.06944444444444445
1 0.29296875 0.5185185185185185 0.019270833333333334 0.08333333333333333
1 0.3619791666666667 0.5175925925925926 0.0125 0.08148148148148149
1 0.428125 0.5185185185185185 0.013541666666666667 0.07962962962962963
1 0.4934895833333333 0.5194444444444445 0.016145833333333335 0.08518518518518518
1 0.56015625 0.5185185185185185 0.016145833333333335 0.08703703703703704
1 0.4921875 0.625 0.015625 0.12037037037037036
1 0.3880208333333333 0.6240740740740741 0.014583333333333334 0.12222222222222222
1 0.28151041666666665 0.6259259259259259 0.015104166666666667 0.11666666666666667
1 0.3033854166666667 0.7291666666666666 0.018229166666666668 0.11574074074074074
1 0.43984375 0.7314814814814815 0.016145833333333335 0.11666666666666667
1 0.4 0.8226851851851852 0.022916666666666665 0.04537037037037037
