0 0.30052083333333335 0.45416666666666666 0.017708333333333333 0.03425925925925926
1 0.4315104166666667 0.1726851851851852 0.016145833333333335 0.10833333333333334
1 0.40338541666666666 0.24814814814814815 0.0203125 0.08148148148148149
1 0.52109375 0.2449074074074074 0.0171875 0.0787037037037037
1 0.49635416666666665 0.32592592592592595 0.019791666666666666 0.07407407407407407
1 0.40208333333333335 0.32731481481481484 0.020833333333333332 0.06944444444444445
1 0.3046875 0.3287037037037037 0.019791666666666666 0.07037037037037037
1 0.30859375 0.4125 0.018229166666666668 0.04351851851851852
1 0.37213541666666666 0.4125 0.0171875 0.03981481481481482
1 0.43802083333333336 0.4125 0.017708333333333333 0.03796296296296296
1 0.503125 0.412962962962963 0.016666666666666666 0.037037037037037035
1 0.56875 0.4115740740740741 0.019791666666666666 0.03981481481481482
1 0.5578125 0.5222222222222223 0.016666666666666666 0.1
1 0.49140625 0.5185185185185185 0.0171875 0.09814814814814815
1 0.4244791666666667 0.5208333333333334 0.01875 0.10092592592592593
1 0.3572916666666667 0.5208333333333334 0.020833333333333332 0.10092592592592593
1 0.290625 0.5217592592592593 0.017708333333333333 0.09907407407407408
1 0.28203125 0.6240740740740741 0.022395833333333334 0.11851851851851852
1 0.38619791666666664 0.6240740740740741 0.018229166666666668 0.12037037037037036
1 0.4921875 0.625462962962963 0.016666666666666666 0.11944444444444445
1 0.42578125 0.7296296296296296 0.019270833333333334 0.11851851851851852
1 0.29010416666666666 0.7310185185185185 0.019791666666666666 0.11944444444444445
1 0.39817708333333335 0.825925925925926 0.0203125 0.03888888888888889
