0 0.3671875 0.45740740740740743 0.021875 0.037037037037037035
1 0.43072916666666666 0.17083333333333334 0.016666666666666666 0.10092592592592593
1 0.40130208333333334 0.24583333333333332 0.0171875 0.06944444444444445
1 0.52109375 0.2449074074074074 0.015104166666666667 0.06759259259259259
1 0.4973958333333333 0.32916666666666666 0.016666666666666666 0.06574074074074074
1 0.40078125 0.3282407407407407 0.0171875 0.06759259259259259
1 0.30416666666666664 0.32592592592592595 0.020833333333333332 0.06296296296296296
1 0.31744791666666666 0.42453703703703705 0.0203125 0.0824074074074074
1 0.38229166666666664 0.4222222222222222 0.020833333333333332 0.07777777777777778
1 0.446875 0.4217592592592593 0.017708333333333333 0.0787037037037037
1 0.5114583333333333 0.425 0.016666666666666666 0.07962962962962963
1 0.5770833333333333 0.41898148148148145 0.015625 0.07685185185185185
1 0.6216145833333333 0.5050925925925925 0.013020833333333334 0.04722222222222222
1 0.5552083333333333 0.5064814814814815 0.017708333333333333 0.04814814814814815
1 0.4861979166666667 0.5050925925925925 0.0171875 0.04722222222222222
1 0.4200520833333333 0.5023148148148148 0.019270833333333334 0.04537037037037037
1 0.3528645833333333 0.5046296296296297 0.018229166666666668 0.04259259259259259
1 0.2830729166666667 0.6231481481481481 0.0171875 0.11296296296296296
1 0.38671875 0.625462962962963 0.0171875 0.1175925925925926
1 0.49375 0.625462962962963 0.019791666666666666 0.12314814814814815
1 0.28854166666666664 0.7287037037037037 0.016666666666666666 0.11296296296296296
1 0.4234375 0.7300925925925926 0.020833333333333332 0.11574074074074074
1 0.39895833333333336 0.8245370370370371 0.019791666666666666 0.04537037037037037
