1 0.43046875 0.1699074074074074 0.018229166666666668 0.10277777777777777
1 0.40260416666666665 0.24583333333333332 0.019791666666666666 0.075
1 0.5221354166666666 0.2462962962962963 0.019270833333333334 0.07407407407407407
1 0.49765625 0.325 0.015104166666666667 0.06851851851851852
1 0.4010416666666667 0.32731481481481484 0.019791666666666666 0.06574074074074074
1 0.30390625 0.32592592592592595 0.019270833333333334 0.06851851851851852
1 0.3151041666666667 0.4263888888888889 0.015625 0.10277777777777777
1 0.3809895833333333 0.425462962962963 0.015104166666666667 0.10648148148148148
1 0.4453125 0.42916666666666664 0.016666666666666666 0.11203703703703703
1 0.5111979166666667 0.42916666666666664 0.0171875 0.10648148148148148
1 0.5755208333333334 0.42685185185185187 0.014583333333333334 0.09814814814814815
1 0.3424479166666667 0.5259259259259259 0.019270833333333334 0.11296296296296296
1 0.4080729166666667 0.524537037037037 0.019270833333333334 0.11944444444444445
1 0.47708333333333336 0.5268518518518519 0.01875 0.11851851851851852
1 0.5434895833333333 0.5263888888888889 0.0203125 0.1175925925925926
1 0.609375 0.5254629629629629 0.016666666666666666 0.11388888888888889
1 0.49505208333333334 0.625462962962963 0.022395833333333334 0.11574074074074074
1 0.3893229166666667 0.625462962962963 0.018229166666666668 0.11944444444444445
1 0.28541666666666665 0.6240740740740741 0.019791666666666666 0.11481481481481481
1 0.2877604166666667 0.7305555555555555 0.018229166666666668 0.11481481481481481
1 0.4239583333333333 0.7300925925925926 0.017708333333333333 0.11574074074074074
1 0.39765625 0.8231481481481482 0.0203125 0.044444444444444446
