0 0.40625 0.43842592592592594 0.021875 0.032407407407407406
1 0.49114583333333334 0.1699074074074074 0.016666666666666666 0.10462962962962963
1 0.44869791666666664 0.25046296296296294 0.019270833333333334 0.09166666666666666
1 0.56875 0.24953703703703703 0.016666666666666666 0.09537037037037037
1 0.5067708333333333 0.32916666666666666 0.014583333333333334 0.0712962962962963
1 0.40911458333333334 0.3287037037037037 0.019270833333333334 0.07037037037037037
1 0.31302083333333336 0.32731481481481484 0.019791666666666666 0.06574074074074074
1 0.3411458333333333 0.4152777777777778 0.01875 0.03981481481481482
1 0.4041666666666667 0.4166666666666667 0.019791666666666666 0.03518518518518519
1 0.46979166666666666 0.4134259259259259 0.016666666666666666 0.03611111111111111
1 0.5361979166666667 0.4115740740740741 0.0171875 0.03611111111111111
1 0.6005208333333333 0.41712962962962963 0.017708333333333333 0.03425925925925926
1 0.61796875 0.512962962962963 0.016145833333333335 0.07407407407407407
1 0.5518229166666667 0.512962962962963 0.018229166666666668 0.07222222222222222
1 0.48463541666666665 0.5148148148148148 0.019270833333333334 0.07222222222222222
1 0.41692708333333334 0.5166666666666667 0.018229166666666668 0.07777777777777778
1 0.35 0.5138888888888888 0.01875 0.06666666666666667
1 0.2825520833333333 0.6240740740740741 0.019270833333333334 0.11851851851851852
1 0.3880208333333333 0.6263888888888889 0.01875 0.11944444444444445
1 0.49270833333333336 0.6277777777777778 0.016666666666666666 0.12222222222222222
1 0.4401041666666667 0.7291666666666666 0.016666666666666666 0.11388888888888889
1 0.30390625 0.7296296296296296 0.018229166666666668 0.11481481481481481
1 0.409375 0.8236111111111111 0.019791666666666666 0.04351851851851852
