1 0.425 0.1712962962962963 0.016666666666666666 0.10555555555555556
1 0.40286458333333336 0.2462962962962963 0.019270833333333334 0.07407407407407407
1 0.5229166666666667 0.24537037037037038 0.017708333333333333 0.07407407407407407
1 0.4979166666666667 0.32592592592592595 0.020833333333333332 0.07037037037037037
1 0.4015625 0.3263888888888889 0.01875 0.06944444444444445
1 0.3046875 0.32916666666666666 0.017708333333333333 0.06574074074074074
1 0.35052083333333334 0.4222222222222222 0.017708333333333333 0.0962962962962963
1 0.41432291666666665 0.42453703703703705 0.0171875 0.09907407407407408
1 0.48072916666666665 0.4236111111111111 0.016666666666666666 0.10092592592592593
1 0.5458333333333333 0.42592592592592593 0.014583333333333334 0.10185185185185185
1 0.6130208333333333 0.4310185185185185 0.015625 0.10648148148148148
1 0.5572916666666666 0.5236111111111111 0.017708333333333333 0.10833333333333334
1 0.4908854166666667 0.5226851851851851 0.018229166666666668 0.11203703703703703
1 0.42421875 0.5236111111111111 0.0171875 0.11203703703703703
1 0.35494791666666664 0.5236111111111111 0.015104166666666667 0.11203703703703703
1 0.29010416666666666 0.5226851851851851 0.01875 0.10462962962962963
1 0.3338541666666667 0.6226851851851852 0.014583333333333334 0.11388888888888889
1 0.4388020833333333 0.6259259259259259 0.016145833333333335 0.11666666666666667
1 0.5455729166666666 0.625462962962963 0.0171875 0.11388888888888889
1 0.425 0.7296296296296296 0.01875 0.11481481481481481
1 0.28802083333333334 0.7296296296296296 0.016666666666666666 0.11481481481481481
1 0.39791666666666664 0.8217592592592593 0.017708333333333333 0.04351851851851852
