0 0.3416666666666667 0.6712962962962963 0.020833333333333332 0.037037037037037035
1 0.47161458333333334 0.1699074074074074 0.016145833333333335 0.10277777777777777
1 0.44583333333333336 0.2513888888888889 0.01875 0.10648148148148148
1 0.5645833333333333 0.2523148148148148 0.015625 0.10092592592592593
1 0.49661458333333336 0.32314814814814813 0.015104166666666667 0.06666666666666667
1 0.3997395833333333 0.3263888888888889 0.018229166666666668 0.06388888888888888
1 0.30416666666666664 0.32407407407407407 0.01875 0.06296296296296296
1 0.3265625 0.42083333333333334 0.016666666666666666 0.0787037037037037
1 0.39010416666666664 0.4236111111111111 0.017708333333333333 0.0824074074074074
1 0.4557291666666667 0.4212962962962963 0.017708333333333333 0.07592592592592592
1 0.5197916666666667 0.4236111111111111 0.015625 0.0824074074074074
1 0.5864583333333333 0.4217592592592593 0.015625 0.0824074074074074
1 0.2890625 0.5236111111111111 0.01875 0.1175925925925926
1 0.3575520833333333 0.5236111111111111 0.019270833333333334 0.11574074074074074
1 0.4234375 0.5268518518518519 0.01875 0.12037037037037036
1 0.490625 0.5273148148148148 0.019791666666666666 0.11574074074074074
1 0.55625 0.5254629629629629 0.017708333333333333 0.1175925925925926
1 0.5770833333333333 0.6259259259259259 0.016666666666666666 0.11481481481481481
1 0.471875 0.6222222222222222 0.019791666666666666 0.11481481481481481
1 0.36822916666666666 0.624537037037037 0.016666666666666666 0.11388888888888889
1 0.31744791666666666 0.7319444444444444 0.0171875 0.11203703703703703
1 0.4549479166666667 0.7319444444444444 0.015104166666666667 0.11944444444444445
1 0.4328125 0.8328703703703704 0.020833333333333332 0.03981481481481482
