0 0.41692708333333334 0.6675925925925926 0.0234375 0.04259259259259259
1 0.47239583333333335 0.17037037037037037 0.015625 0.1037037037037037
1 0.44609375 0.25324074074074077 0.018229166666666668 0.10648148148148148
1 0.5669270833333333 0.25046296296296294 0.015104166666666667 0.10648148148148148
1 0.4973958333333333 0.33055555555555555 0.017708333333333333 0.07222222222222222
1 0.4005208333333333 0.32916666666666666 0.020833333333333332 0.06944444444444445
1 0.30520833333333336 0.3287037037037037 0.019791666666666666 0.06851851851851852
1 0.34010416666666665 0.4152777777777778 0.019791666666666666 0.04537037037037037
1 0.40390625 0.41435185185185186 0.0171875 0.04351851851851852
1 0.4703125 0.4152777777777778 0.017708333333333333 0.04351851851851852
1 0.53671875 0.41388888888888886 0.016145833333333335 0.046296296296296294
1 0.5984375 0.4125 0.016666666666666666 0.03981481481481482
1 0.5583333333333333 0.5203703703703704 0.016666666666666666 0.1111111111111111
1 0.4921875 0.5231481481481481 0.01875 0.11851851851851852
1 0.4236979166666667 0.525 0.0171875 0.11851851851851852
1 0.35625 0.5254629629629629 0.017708333333333333 0.11574074074074074
1 0.2911458333333333 0.5277777777777778 0.01875 0.11481481481481481
1 0.3424479166666667 0.625462962962963 0.015104166666666667 0.11574074074074074
1 0.4473958333333333 0.624537037037037 0.016666666666666666 0.11388888888888889
1 0.5533854166666666 0.6287037037037037 0.0171875 0.11851851851851852
1 0.4546875 0.7337962962962963 0.014583333333333334 0.11018518518518519
1 0.3190104166666667 0.7296296296296296 0.016145833333333335 0.1111111111111111
1 0.43255208333333334 0.8273148148148148 0.016145833333333335 0.030555555555555555
