0 0.44114583333333335 0.6787037037037037 0.021875 0.03888888888888889
1 0.4783854166666667 0.17083333333333334 0.016145833333333335 0.10277777777777777
1 0.4635416666666667 0.2550925925925926 0.016666666666666666 0.10462962962962963
1 0.58359375 0.25277777777777777 0.016145833333333335 0.10555555555555556
1 0.3033854166666667 0.3282407407407407 0.018229166666666668 0.06574074074074074
1 0.40078125 0.3296296296296296 0.0171875 0.06296296296296296
1 0.4984375 0.32546296296296295 0.016666666666666666 0.06944444444444445
1 0.35885416666666664 0.4166666666666667 0.017708333333333333 0.053703703703703705
1 0.4236979166666667 0.41759259259259257 0.018229166666666668 0.05
1 0.48854166666666665 0.41805555555555557 0.014583333333333334 0.05648148148148148
1 0.5546875 0.4166666666666667 0.016666666666666666 0.05740740740740741
1 0.61875 0.41712962962962963 0.014583333333333334 0.05648148148148148
1 0.55859375 0.5263888888888889 0.018229166666666668 0.11203703703703703
1 0.49166666666666664 0.5231481481481481 0.017708333333333333 0.11666666666666667
1 0.4234375 0.5217592592592593 0.021875 0.11203703703703703
1 0.3572916666666667 0.5231481481481481 0.017708333333333333 0.10925925925925926
1 0.2903645833333333 0.524537037037037 0.019270833333333334 0.10648148148148148
1 0.32369791666666664 0.7125 0.0203125 0.058333333333333334
1 0.459375 0.7157407407407408 0.015625 0.05555555555555555
1 0.4158854166666667 0.825 0.0171875 0.03518518518518519
