0 0.48515625 0.6902777777777778 0.019270833333333334 0.028703703703703703
1 0.478125 0.1712962962962963 0.016666666666666666 0.1037037037037037
1 0.46328125 0.25555555555555554 0.0140625 0.10740740740740741
1 0.5828125 0.25277777777777777 0.016666666666666666 0.10925925925925926
1 0.49765625 0.32731481481481484 0.0171875 0.0712962962962963
1 0.4015625 0.3282407407407407 0.019791666666666666 0.06944444444444445
1 0.3046875 0.3277777777777778 0.01875 0.06851851851851852
1 0.35833333333333334 0.4152777777777778 0.021875 0.05462962962962963
1 0.4234375 0.4162037037037037 0.019791666666666666 0.05092592592592592
1 0.4895833333333333 0.41574074074074074 0.017708333333333333 0.044444444444444446
1 0.5549479166666667 0.41574074074074074 0.0171875 0.05
1 0.6200520833333333 0.4148148148148148 0.015104166666666667 0.05
1 0.5580729166666667 0.525 0.019270833333333334 0.12222222222222222
1 0.49244791666666665 0.5180555555555556 0.018229166666666668 0.10462962962962963
1 0.4239583333333333 0.524074074074074 0.017708333333333333 0.12037037037037036
1 0.35703125 0.524537037037037 0.0203125 0.1175925925925926
1 0.2903645833333333 0.5236111111111111 0.018229166666666668 0.11944444444444445
1 0.38828125 0.6240740740740741 0.019270833333333334 0.12037037037037036
1 0.49375 0.624537037037037 0.019791666666666666 0.11944444444444445
1 0.5986979166666667 0.6296296296296297 0.021354166666666667 0.12222222222222222
1 0.34869791666666666 0.7138888888888889 0.0203125 0.06296296296296296
1 0.4830729166666667 0.7175925925925926 0.0203125 0.06111111111111111
1 0.44427083333333334 0.8287037037037037 0.019791666666666666 0.02962962962962963
