1 0.478125 0.1726851851851852 0.017708333333333333 0.10833333333333334
1 0.46380208333333334 0.25416666666666665 0.015104166666666667 0.10648148148148148
1 0.5838541666666667 0.25416666666666665 0.017708333333333333 0.11203703703703703
1 0.49765625 0.3277777777777778 0.0203125 0.07037037037037037
1 0.4010416666666667 0.3282407407407407 0.021875 0.07314814814814814
1 0.30416666666666664 0.32685185185185184 0.020833333333333332 0.07037037037037037
1 0.35989583333333336 0.4185185185185185 0.020833333333333332 0.05925925925925926
1 0.4234375 0.41574074074074074 0.01875 0.05740740740740741
1 0.48932291666666666 0.41759259259259257 0.018229166666666668 0.05740740740740741
1 0.5549479166666667 0.41759259259259257 0.018229166666666668 0.05740740740740741
1 0.6200520833333333 0.4185185185185185 0.0171875 0.06111111111111111
1 0.5578125 0.5236111111111111 0.01875 0.1175925925925926
1 0.49192708333333335 0.524074074074074 0.0171875 0.11481481481481481
1 0.4239583333333333 0.5226851851851851 0.017708333333333333 0.11574074074074074
1 0.3572916666666667 0.5231481481481481 0.01875 0.1111111111111111
1 0.29010416666666666 0.524074074074074 0.017708333333333333 0.10925925925925926
1 0.3223958333333333 0.7134259259259259 0.01875 0.058333333333333334
1 0.4161458333333333 0.825925925925926 0.014583333333333334 0.03518518518518519
