0 0.4127604166666667 0.6023148148148149 0.019270833333333334 0.032407407407407406
1 0.4783854166666667 0.17083333333333334 0.0171875 0.10092592592592593
1 0.4630208333333333 0.25416666666666665 0.016666666666666666 0.10462962962962963
1 0.5838541666666667 0.25462962962962965 0.017708333333333333 0.10925925925925926
1 0.4973958333333333 0.3263888888888889 0.01875 0.0712962962962963
1 0.4002604166666667 0.32731481481481484 0.0171875 0.06944444444444445
1 0.30442708333333335 0.32731481481481484 0.0203125 0.06944444444444445
1 0.35885416666666664 0.41759259259259257 0.01875 0.06296296296296296
1 0.4239583333333333 0.4185185185185185 0.019791666666666666 0.06111111111111111
1 0.48932291666666666 0.41805555555555557 0.019270833333333334 0.06388888888888888
1 0.5546875 0.41805555555555557 0.01875 0.06388888888888888
1 0.6203125 0.41759259259259257 0.017708333333333333 0.06296296296296296
1 0.28984375 0.524537037037037 0.018229166666666668 0.11203703703703703
1 0.35625 0.524074074074074 0.01875 0.11296296296296296
1 0.4239583333333333 0.524074074074074 0.017708333333333333 0.11296296296296296
1 0.49166666666666664 0.5259259259259259 0.016666666666666666 0.11481481481481481
1 0.5578125 0.524074074074074 0.017708333333333333 0.1111111111111111
1 0.30390625 0.6217592592592592 0.019270833333333334 0.10092592592592593
1 0.4088541666666667 0.6263888888888889 0.017708333333333333 0.10462962962962963
1 0.5135416666666667 0.6226851851851852 0.017708333333333333 0.10462962962962963
1 0.30625 0.7152777777777778 0.022916666666666665 0.06018518518518518
1 0.4421875 0.7152777777777778 0.020833333333333332 0.062037037037037036
1 0.39947916666666666 0.825 0.022916666666666665 0.044444444444444446
