1 0.478125 0.17222222222222222 0.020833333333333332 0.10740740740740741
1 0.4635416666666667 0.25555555555555554 0.016666666666666666 0.10555555555555556
1 0.5833333333333334 0.25277777777777777 0.016666666666666666 0.1111111111111111
1 0.3046875 0.3287037037037037 0.020833333333333332 0.06666666666666667
1 0.40078125 0.32731481481481484 0.018229166666666668 0.0712962962962963
1 0.49713541666666666 0.3282407407407407 0.0171875 0.06574074074074074
1 0.359375 0.41898148148148145 0.019791666666666666 0.06388888888888888
1 0.42291666666666666 0.4185185185185185 0.017708333333333333 0.06296296296296296
1 0.4895833333333333 0.4166666666666667 0.016666666666666666 0.06111111111111111
1 0.55546875 0.4185185185185185 0.018229166666666668 0.06296296296296296
1 0.61953125 0.41805555555555557 0.016145833333333335 0.06018518518518518
1 0.5583333333333333 0.525 0.01875 0.11851851851851852
1 0.4921875 0.5236111111111111 0.016666666666666666 0.11388888888888889
1 0.42421875 0.524074074074074 0.018229166666666668 0.11296296296296296
1 0.35703125 0.525 0.019270833333333334 0.11296296296296296
1 0.2908854166666667 0.5236111111111111 0.018229166666666668 0.11388888888888889
1 0.3098958333333333 0.6240740740740741 0.01875 0.11851851851851852
1 0.41380208333333335 0.625462962962963 0.018229166666666668 0.11944444444444445
1 0.5197916666666667 0.6268518518518519 0.017708333333333333 0.11851851851851852
1 0.44453125 0.7148148148148148 0.019270833333333334 0.05555555555555555
1 0.30963541666666666 0.7143518518518519 0.022395833333333334 0.058333333333333334
1 0.39947916666666666 0.8236111111111111 0.017708333333333333 0.08796296296296297
