1 0.4856770833333333 0.5925925925925926 0.0109375 0.05555555555555555
1 0.478125 0.6259259259259259 0.011458333333333333 0.05740740740740741
1 0.5557291666666667 0.6208333333333333 0.011458333333333333 0.05648148148148148
1 0.50234375 0.6648148148148149 0.011979166666666667 0.053703703703703705
1 0.4375 0.6675925925925926 0.014583333333333334 0.05740740740740741
1 0.37083333333333335 0.6712962962962963 0.015625 0.05740740740740741
1 0.4036458333333333 0.7083333333333334 0.0125 0.03518518518518519
1 0.44973958333333336 0.7078703703703704 0.0140625 0.030555555555555555
1 0.49713541666666666 0.7041666666666667 0.011979166666666667 0.03425925925925926
1 0.5442708333333334 0.7027777777777777 0.014583333333333334 0.037037037037037035
1 0.5895833333333333 0.700925925925926 0.014583333333333334 0.03518518518518519
1 0.5533854166666666 0.762962962962963 0.0140625 0.09074074074074075
1 0.35208333333333336 0.7736111111111111 0.013541666666666667 0.08425925925925926
1 0.40260416666666665 0.7699074074074074 0.013541666666666667 0.08425925925925926
1 0.453125 0.7675925925925926 0.013541666666666667 0.08518518518518518
1 0.5028645833333333 0.7662037037037037 0.011979166666666667 0.08425925925925926
1 0.34453125 0.8125 0.016145833333333335 0.08981481481481482
1 0.42864583333333334 0.8087962962962963 0.015625 0.09537037037037037
1 0.5111979166666667 0.8032407407407407 0.018229166666666668 0.09351851851851851
1 0.4713541666666667 0.8935185185185185 0.015625 0.07962962962962963
1 0.3567708333333333 0.9018518518518519 0.019791666666666666 0.07962962962962963
1 0.43072916666666666 0.9708333333333333 0.016666666666666666 0.05277777777777778
