1 0.49270833333333336 0.6041666666666666 0.011458333333333333 0.05092592592592592
1 0.48463541666666665 0.638425925925926 0.0109375 0.058333333333333334
1 0.5622395833333333 0.6356481481481482 0.0109375 0.06018518518518518
1 0.5096354166666667 0.6777777777777778 0.0109375 0.05
1 0.4432291666666667 0.6814814814814815 0.014583333333333334 0.05740740740740741
1 0.37734375 0.6837962962962963 0.015104166666666667 0.05462962962962963
1 0.4127604166666667 0.7263888888888889 0.0140625 0.062037037037037036
1 0.4583333333333333 0.7175925925925926 0.014583333333333334 0.05
1 0.50546875 0.725 0.013020833333333334 0.06296296296296296
1 0.5526041666666667 0.7245370370370371 0.014583333333333334 0.06388888888888888
1 0.59765625 0.7222222222222222 0.009895833333333333 0.06296296296296296
1 0.5598958333333334 0.7773148148148148 0.013541666666666667 0.08055555555555556
1 0.5096354166666667 0.7800925925925926 0.013020833333333334 0.08796296296296297
1 0.4583333333333333 0.7814814814814814 0.014583333333333334 0.08518518518518518
1 0.41015625 0.7847222222222222 0.015104166666666667 0.0824074074074074
1 0.3578125 0.7856481481481481 0.013541666666666667 0.08611111111111111
1 0.38958333333333334 0.8402777777777778 0.01875 0.07685185185185185
1 0.47369791666666666 0.8342592592592593 0.016145833333333335 0.07037037037037037
1 0.5588541666666667 0.8351851851851851 0.019791666666666666 0.06666666666666667
1 0.36276041666666664 0.9166666666666666 0.019270833333333334 0.08148148148148149
1 0.47734375 0.9097222222222222 0.0171875 0.0824074074074074
1 0.4359375 0.9787037037037037 0.017708333333333333 0.037037037037037035
