0 0.58359375 0.9638888888888889 0.016145833333333335 0.027777777777777776
1 0.49114583333333334 0.6041666666666666 0.010416666666666666 0.05092592592592592
1 0.4822916666666667 0.637962962962963 0.010416666666666666 0.05555555555555555
1 0.5606770833333333 0.6375 0.011979166666666667 0.058333333333333334
1 0.37526041666666665 0.6833333333333333 0.015104166666666667 0.05555555555555555
1 0.44166666666666665 0.6819444444444445 0.0125 0.058333333333333334
1 0.5075520833333333 0.6782407407407407 0.0109375 0.05648148148148148
1 0.41119791666666666 0.7245370370370371 0.0140625 0.05277777777777778
1 0.45625 0.7199074074074074 0.013541666666666667 0.041666666666666664
1 0.503125 0.7185185185185186 0.011458333333333333 0.044444444444444446
1 0.5502604166666667 0.7203703703703703 0.009895833333333333 0.053703703703703705
1 0.59609375 0.7199074074074074 0.0109375 0.05277777777777778
1 0.35625 0.7847222222222222 0.013541666666666667 0.08611111111111111
1 0.40651041666666665 0.7810185185185186 0.011979166666666667 0.0787037037037037
1 0.45703125 0.7824074074074074 0.0140625 0.08333333333333333
1 0.5080729166666667 0.7791666666666667 0.0140625 0.0824074074074074
1 0.5578125 0.7777777777777778 0.013541666666666667 0.08518518518518518
1 0.41770833333333335 0.8430555555555556 0.015625 0.08425925925925926
1 0.5015625 0.8407407407407408 0.013541666666666667 0.07962962962962963
1 0.5833333333333334 0.8379629629629629 0.013541666666666667 0.08703703703703704
1 0.4752604166666667 0.9092592592592592 0.016145833333333335 0.07962962962962963
1 0.35989583333333336 0.9115740740740741 0.019791666666666666 0.075
1 0.434375 0.9745370370370371 0.01875 0.041666666666666664
