1 0.6197916666666666 0.6453703703703704 0.014583333333333334 0.06111111111111111
1 0.5872395833333334 0.6810185185185185 0.013020833333333334 0.05648148148148148
1 0.6794270833333333 0.687037037037037 0.0140625 0.06666666666666667
1 0.6645833333333333 0.7291666666666666 0.013541666666666667 0.049074074074074076
1 0.5885416666666666 0.7333333333333333 0.014583333333333334 0.046296296296296294
1 0.7434895833333334 0.7291666666666666 0.009895833333333333 0.05462962962962963
1 0.534375 0.7902777777777777 0.015625 0.075
1 0.5872395833333334 0.7898148148148149 0.0171875 0.06851851851851852
1 0.6416666666666667 0.7888888888888889 0.017708333333333333 0.07407407407407407
1 0.6973958333333333 0.7902777777777777 0.016666666666666666 0.07685185185185185
1 0.7533854166666667 0.7898148148148149 0.013020833333333334 0.07222222222222222
1 0.5130208333333334 0.8476851851851852 0.016666666666666666 0.06759259259259259
1 0.5705729166666667 0.8513888888888889 0.0171875 0.07314814814814814
1 0.6296875 0.850925925925926 0.017708333333333333 0.07037037037037037
1 0.68984375 0.8495370370370371 0.0203125 0.06944444444444445
1 0.7520833333333333 0.8518518518518519 0.022916666666666665 0.07222222222222222
1 0.5065104166666666 0.924074074074074 0.018229166666666668 0.09814814814814815
1 0.6026041666666667 0.924537037037037 0.017708333333333333 0.09907407407407408
1 0.7010416666666667 0.9277777777777778 0.017708333333333333 0.10185185185185185
