0 0.2950520833333333 0.7666666666666667 0.019270833333333334 0.03888888888888889
1 0.44895833333333335 0.17083333333333334 0.014583333333333334 0.10277777777777777
1 0.41302083333333334 0.24583333333333332 0.015625 0.07314814814814814
1 0.5322916666666667 0.24537037037037038 0.015625 0.07592592592592592
1 0.30442708333333335 0.325 0.0203125 0.05925925925925926
1 0.40130208333333334 0.3263888888888889 0.019270833333333334 0.06018518518518518
1 0.49765625 0.32407407407407407 0.016145833333333335 0.05740740740740741
1 0.303125 0.42083333333333334 0.021875 0.07314814814814814
1 0.36770833333333336 0.4203703703703704 0.019791666666666666 0.07222222222222222
1 0.43385416666666665 0.4199074074074074 0.017708333333333333 0.0712962962962963
1 0.49947916666666664 0.4199074074074074 0.017708333333333333 0.07314814814814814
1 0.5638020833333334 0.4212962962962963 0.016145833333333335 0.07222222222222222
1 0.2903645833333333 0.5226851851851851 0.018229166666666668 0.11018518518518519
1 0.35651041666666666 0.5222222222222223 0.0171875 0.10925925925925926
1 0.4239583333333333 0.5231481481481481 0.01875 0.10555555555555556
1 0.4921875 0.5217592592592593 0.017708333333333333 0.10648148148148148
1 0.5580729166666667 0.5212962962962963 0.016145833333333335 0.10740740740740741
1 0.5122395833333333 0.6083333333333333 0.018229166666666668 0.046296296296296294
1 0.40598958333333335 0.6101851851851852 0.018229166666666668 0.046296296296296294
1 0.3026041666666667 0.6092592592592593 0.019791666666666666 0.05
1 0.2747395833333333 0.7245370370370371 0.019270833333333334 0.09537037037037037
1 0.4114583333333333 0.725 0.021875 0.09814814814814815
1 0.41484375 0.825925925925926 0.0203125 0.07962962962962963
