0 0.2942708333333333 0.7777777777777778 0.020833333333333332 0.03888888888888889
1 0.47161458333333334 0.17037037037037037 0.0171875 0.10740740740740741
1 0.43776041666666665 0.24583333333333332 0.0171875 0.06944444444444445
1 0.5567708333333333 0.2449074074074074 0.017708333333333333 0.0712962962962963
1 0.4973958333333333 0.32685185185185184 0.016666666666666666 0.06666666666666667
1 0.40078125 0.32731481481481484 0.019270833333333334 0.06759259259259259
1 0.3046875 0.32592592592592595 0.019791666666666666 0.06481481481481481
1 0.30364583333333334 0.42083333333333334 0.020833333333333332 0.07685185185185185
1 0.36822916666666666 0.42083333333333334 0.020833333333333332 0.08055555555555556
1 0.434375 0.4203703703703704 0.01875 0.07777777777777778
1 0.5 0.42083333333333334 0.017708333333333333 0.07314814814814814
1 0.5635416666666667 0.42083333333333334 0.015625 0.07314814814814814
1 0.28958333333333336 0.5236111111111111 0.013541666666666667 0.11018518518518519
1 0.35572916666666665 0.5231481481481481 0.016666666666666666 0.11296296296296296
1 0.4231770833333333 0.5236111111111111 0.016145833333333335 0.11574074074074074
1 0.49140625 0.5236111111111111 0.0171875 0.11203703703703703
1 0.5580729166666667 0.524074074074074 0.018229166666666668 0.1111111111111111
1 0.5192708333333333 0.6106481481481482 0.017708333333333333 0.05648148148148148
1 0.4140625 0.6106481481481482 0.020833333333333332 0.05277777777777778
1 0.30859375 0.612037037037037 0.0203125 0.05555555555555555
1 0.29244791666666664 0.7212962962962963 0.0234375 0.08888888888888889
1 0.428125 0.7236111111111111 0.019791666666666666 0.0824074074074074
1 0.41432291666666665 0.8277777777777777 0.0203125 0.08148148148148149
