0 0.2955729166666667 0.774537037037037 0.019270833333333334 0.03981481481481482
1 0.45859375 0.17037037037037037 0.0171875 0.10925925925925926
1 0.4315104166666667 0.24583333333333332 0.0171875 0.0712962962962963
1 0.5510416666666667 0.24444444444444444 0.016666666666666666 0.07037037037037037
1 0.49765625 0.3263888888888889 0.018229166666666668 0.06759259259259259
1 0.4010416666666667 0.32685185185185184 0.019791666666666666 0.07037037037037037
1 0.30234375 0.3263888888888889 0.0203125 0.06944444444444445
1 0.30416666666666664 0.425 0.020833333333333332 0.08148148148148149
1 0.36875 0.42083333333333334 0.019791666666666666 0.07685185185185185
1 0.43385416666666665 0.4217592592592593 0.019791666666666666 0.075
1 0.49973958333333335 0.4212962962962963 0.019270833333333334 0.07777777777777778
1 0.5640625 0.4203703703703704 0.016666666666666666 0.07592592592592592
1 0.5919270833333333 0.524074074074074 0.018229166666666668 0.11296296296296296
1 0.5247395833333334 0.5231481481481481 0.018229166666666668 0.10740740740740741
1 0.45729166666666665 0.5231481481481481 0.017708333333333333 0.10740740740740741
1 0.38958333333333334 0.5217592592592593 0.016666666666666666 0.11018518518518519
1 0.3229166666666667 0.5231481481481481 0.017708333333333333 0.10925925925925926
1 0.309375 0.6138888888888889 0.021875 0.06851851851851852
1 0.4140625 0.612037037037037 0.019791666666666666 0.06481481481481481
1 0.51875 0.6134259259259259 0.017708333333333333 0.06759259259259259
1 0.41015625 0.7282407407407407 0.0203125 0.11203703703703703
1 0.27421875 0.7277777777777777 0.0203125 0.1111111111111111
1 0.39895833333333336 0.8268518518518518 0.019791666666666666 0.07777777777777778
