0 0.2947916666666667 0.7763888888888889 0.020833333333333332 0.03981481481481482
1 0.4583333333333333 0.17083333333333334 0.01875 0.10833333333333334
1 0.43255208333333334 0.24537037037037038 0.0171875 0.07592592592592592
1 0.5526041666666667 0.24537037037037038 0.019791666666666666 0.07777777777777778
1 0.4984375 0.32592592592592595 0.017708333333333333 0.07037037037037037
1 0.4 0.32731481481481484 0.01875 0.07314814814814814
1 0.30416666666666664 0.32685185185185184 0.020833333333333332 0.06666666666666667
1 0.3098958333333333 0.42453703703703705 0.016666666666666666 0.10833333333333334
1 0.375 0.42685185185185187 0.017708333333333333 0.10740740740740741
1 0.44140625 0.42592592592592593 0.018229166666666668 0.10555555555555556
1 0.50625 0.42592592592592593 0.016666666666666666 0.1037037037037037
1 0.5723958333333333 0.4263888888888889 0.016666666666666666 0.10462962962962963
1 0.31796875 0.5222222222222223 0.0140625 0.10925925925925926
1 0.3854166666666667 0.5231481481481481 0.015625 0.10740740740740741
1 0.45286458333333335 0.5231481481481481 0.0171875 0.10740740740740741
1 0.52109375 0.5217592592592593 0.018229166666666668 0.11018518518518519
1 0.5872395833333334 0.524537037037037 0.018229166666666668 0.11018518518518519
1 0.5315104166666667 0.624537037037037 0.0203125 0.12314814814814815
1 0.4265625 0.6259259259259259 0.017708333333333333 0.12037037037037036
1 0.32005208333333335 0.6231481481481481 0.0203125 0.12037037037037036
1 0.2752604166666667 0.7287037037037037 0.022395833333333334 0.11296296296296296
1 0.4125 0.7287037037037037 0.022916666666666665 0.11481481481481481
1 0.39869791666666665 0.8263888888888888 0.021354166666666667 0.0787037037037037
