1 0.46458333333333335 0.1712962962962963 0.017708333333333333 0.10740740740740741
1 0.43385416666666665 0.24675925925925926 0.017708333333333333 0.0712962962962963
1 0.55390625 0.24675925925925926 0.018229166666666668 0.07314814814814814
1 0.4979166666666667 0.32175925925925924 0.017708333333333333 0.041666666666666664
1 0.4 0.32175925925925924 0.01875 0.04537037037037037
1 0.303125 0.32037037037037036 0.017708333333333333 0.040740740740740744
1 0.3182291666666667 0.4263888888888889 0.01875 0.09537037037037037
1 0.38255208333333335 0.42407407407407405 0.0171875 0.08888888888888889
1 0.44895833333333335 0.425462962962963 0.015625 0.09537037037037037
1 0.5138020833333333 0.42453703703703705 0.0171875 0.08981481481481482
1 0.5783854166666667 0.4236111111111111 0.015104166666666667 0.08796296296296297
1 0.5872395833333334 0.524537037037037 0.0171875 0.11574074074074074
1 0.5216145833333333 0.524074074074074 0.0171875 0.10925925925925926
1 0.45390625 0.524537037037037 0.018229166666666668 0.11018518518518519
1 0.38619791666666664 0.5236111111111111 0.018229166666666668 0.11574074074074074
1 0.31979166666666664 0.524074074074074 0.017708333333333333 0.1111111111111111
1 0.4109375 0.6263888888888889 0.017708333333333333 0.1175925925925926
1 0.5166666666666667 0.6277777777777778 0.020833333333333332 0.12037037037037036
1 0.62109375 0.625 0.0203125 0.12222222222222222
1 0.6161458333333333 0.7143518518518519 0.01875 0.05092592592592592
1 0.48203125 0.7101851851851851 0.015104166666666667 0.05
1 0.39895833333333336 0.8245370370370371 0.022916666666666665 0.0787037037037037
