0 0.5270833333333333 0.3800925925925926 0.019791666666666666 0.03796296296296296
1 0.46536458333333336 0.17222222222222222 0.0171875 0.10740740740740741
1 0.42578125 0.25324074074074077 0.018229166666666668 0.10648148148148148
1 0.5434895833333333 0.25092592592592594 0.016145833333333335 0.10925925925925926
1 0.57265625 0.33055555555555555 0.0140625 0.08703703703703704
1 0.47604166666666664 0.33564814814814814 0.017708333333333333 0.09166666666666666
1 0.37864583333333335 0.33240740740740743 0.01875 0.08518518518518518
1 0.31145833333333334 0.42916666666666664 0.016666666666666666 0.11203703703703703
1 0.37604166666666666 0.4300925925925926 0.016666666666666666 0.11574074074074074
1 0.44192708333333336 0.4287037037037037 0.018229166666666668 0.11666666666666667
1 0.5080729166666667 0.42916666666666664 0.016145833333333335 0.11574074074074074
1 0.5723958333333333 0.42962962962962964 0.01875 0.11851851851851852
1 0.32369791666666664 0.525 0.0203125 0.10925925925925926
1 0.39088541666666665 0.524537037037037 0.019270833333333334 0.11018518518518519
1 0.45755208333333336 0.524074074074074 0.018229166666666668 0.10925925925925926
1 0.5252604166666667 0.524074074074074 0.019270833333333334 0.10925925925925926
1 0.59140625 0.5236111111111111 0.018229166666666668 0.10833333333333334
1 0.6234375 0.6240740740740741 0.020833333333333332 0.11296296296296296
1 0.51796875 0.624537037037037 0.021354166666666667 0.11018518518518519
1 0.4122395833333333 0.6231481481481481 0.0203125 0.1111111111111111
1 0.34453125 0.7287037037037037 0.022395833333333334 0.10555555555555556
1 0.48151041666666666 0.7282407407407407 0.019270833333333334 0.10648148148148148
1 0.43255208333333334 0.8347222222222223 0.022395833333333334 0.05092592592592592
