0 0.5328125 0.38055555555555554 0.026041666666666668 0.037037037037037035
1 0.46510416666666665 0.17175925925925925 0.016666666666666666 0.10648148148148148
1 0.42890625 0.24861111111111112 0.018229166666666668 0.09351851851851851
1 0.5479166666666667 0.24722222222222223 0.013541666666666667 0.09074074074074075
1 0.5630208333333333 0.337037037037037 0.016666666666666666 0.10185185185185185
1 0.46588541666666666 0.3375 0.0171875 0.10092592592592593
1 0.3697916666666667 0.3365740740740741 0.016666666666666666 0.10092592592592593
1 0.3578125 0.4152777777777778 0.016666666666666666 0.04537037037037037
1 0.4234375 0.41805555555555557 0.01875 0.04351851851851852
1 0.4890625 0.4166666666666667 0.01875 0.04259259259259259
1 0.5549479166666667 0.4185185185185185 0.019270833333333334 0.044444444444444446
1 0.6200520833333333 0.41805555555555557 0.018229166666666668 0.04351851851851852
1 0.3223958333333333 0.5222222222222223 0.021875 0.10555555555555556
1 0.3893229166666667 0.5222222222222223 0.019270833333333334 0.1037037037037037
1 0.45729166666666665 0.5236111111111111 0.017708333333333333 0.10833333333333334
1 0.5236979166666667 0.5226851851851851 0.018229166666666668 0.10648148148148148
1 0.5908854166666667 0.5222222222222223 0.0171875 0.10740740740740741
1 0.6229166666666667 0.624537037037037 0.017708333333333333 0.1175925925925926
1 0.51796875 0.6263888888888889 0.018229166666666668 0.11388888888888889
1 0.41302083333333334 0.6236111111111111 0.01875 0.1175925925925926
1 0.33046875 0.725 0.021354166666666667 0.09259259259259259
1 0.4674479166666667 0.7245370370370371 0.018229166666666668 0.09351851851851851
1 0.4315104166666667 0.8333333333333334 0.0203125 0.053703703703703705
