0 0.41901041666666666 0.38287037037037036 0.019270833333333334 0.032407407407407406
1 0.46510416666666665 0.16944444444444445 0.015625 0.10555555555555556
1 0.42916666666666664 0.24768518518518517 0.016666666666666666 0.08611111111111111
1 0.5486979166666667 0.24722222222222223 0.016145833333333335 0.08703703703703704
1 0.32734375 0.3398148148148148 0.0203125 0.10740740740740741
1 0.42578125 0.3384259259259259 0.022395833333333334 0.10833333333333334
1 0.5231770833333333 0.3384259259259259 0.022395833333333334 0.11018518518518519
1 0.35885416666666664 0.4148148148148148 0.01875 0.05740740740740741
1 0.4239583333333333 0.4166666666666667 0.021875 0.05555555555555555
1 0.48932291666666666 0.4166666666666667 0.021354166666666667 0.05555555555555555
1 0.5544270833333333 0.4162037037037037 0.0171875 0.05648148148148148
1 0.6197916666666666 0.41712962962962963 0.019791666666666666 0.058333333333333334
1 0.2908854166666667 0.5208333333333334 0.0203125 0.10833333333333334
1 0.3567708333333333 0.5208333333333334 0.019791666666666666 0.10462962962962963
1 0.4239583333333333 0.5212962962962963 0.01875 0.1037037037037037
1 0.4908854166666667 0.5231481481481481 0.018229166666666668 0.1037037037037037
1 0.5578125 0.5231481481481481 0.017708333333333333 0.10555555555555556
1 0.4127604166666667 0.6263888888888889 0.018229166666666668 0.12129629629629629
1 0.51875 0.625462962962963 0.017708333333333333 0.12129629629629629
1 0.6236979166666666 0.6273148148148148 0.018229166666666668 0.125
1 0.4674479166666667 0.725 0.018229166666666668 0.09259259259259259
1 0.3307291666666667 0.7240740740740741 0.020833333333333332 0.09444444444444444
1 0.4317708333333333 0.8342592592592593 0.021875 0.053703703703703705
