0 0.4197916666666667 0.3814814814814815 0.01875 0.03333333333333333
1 0.5057291666666667 0.17175925925925925 0.016666666666666666 0.10833333333333334
1 0.415625 0.2523148148148148 0.017708333333333333 0.11018518518518519
1 0.5364583333333334 0.25277777777777777 0.017708333333333333 0.10925925925925926
1 0.30364583333333334 0.337037037037037 0.017708333333333333 0.10185185185185185
1 0.4015625 0.33564814814814814 0.019791666666666666 0.10648148148148148
1 0.4986979166666667 0.33611111111111114 0.0171875 0.1
1 0.35911458333333335 0.41574074074074074 0.019270833333333334 0.05185185185185185
1 0.42265625 0.41805555555555557 0.021354166666666667 0.05462962962962963
1 0.4895833333333333 0.4166666666666667 0.020833333333333332 0.05740740740740741
1 0.5541666666666667 0.4166666666666667 0.020833333333333332 0.05740740740740741
1 0.61953125 0.41712962962962963 0.0171875 0.05462962962962963
1 0.290625 0.5208333333333334 0.019791666666666666 0.10092592592592593
1 0.3567708333333333 0.5208333333333334 0.019791666666666666 0.09907407407407408
1 0.4234375 0.5203703703703704 0.01875 0.1037037037037037
1 0.49114583333333334 0.5203703703703704 0.017708333333333333 0.1
1 0.5580729166666667 0.5212962962962963 0.016145833333333335 0.10185185185185185
1 0.4122395833333333 0.625462962962963 0.019270833333333334 0.11944444444444445
1 0.5190104166666667 0.6277777777777778 0.019270833333333334 0.12407407407407407
1 0.62421875 0.6263888888888889 0.0171875 0.12129629629629629
1 0.46536458333333336 0.7212962962962963 0.0203125 0.08703703703703704
1 0.3296875 0.7203703703703703 0.021875 0.08703703703703704
1 0.43020833333333336 0.8337962962962963 0.019791666666666666 0.05092592592592592
