0 0.41953125 0.38333333333333336 0.019270833333333334 0.037037037037037035
1 0.47213541666666664 0.17314814814814813 0.0265625 0.10555555555555556
1 0.41796875 0.25462962962962965 0.018229166666666668 0.11296296296296296
1 0.5364583333333334 0.25277777777777777 0.016666666666666666 0.10925925925925926
1 0.49947916666666664 0.33935185185185185 0.019791666666666666 0.10648148148148148
1 0.40260416666666665 0.3388888888888889 0.017708333333333333 0.1037037037037037
1 0.30572916666666666 0.3384259259259259 0.017708333333333333 0.10092592592592593
1 0.35833333333333334 0.4148148148148148 0.016666666666666666 0.05925925925925926
1 0.4236979166666667 0.4152777777777778 0.018229166666666668 0.06388888888888888
1 0.4895833333333333 0.4152777777777778 0.017708333333333333 0.058333333333333334
1 0.5544270833333333 0.41435185185185186 0.019270833333333334 0.058333333333333334
1 0.61953125 0.41574074074074074 0.018229166666666668 0.05925925925925926
1 0.28984375 0.5203703703703704 0.019270833333333334 0.09444444444444444
1 0.35625 0.5212962962962963 0.019791666666666666 0.09814814814814815
1 0.42421875 0.5212962962962963 0.0171875 0.0962962962962963
1 0.49114583333333334 0.5199074074074074 0.016666666666666666 0.09722222222222222
1 0.5575520833333333 0.5212962962962963 0.0171875 0.1
1 0.6239583333333333 0.6263888888888889 0.017708333333333333 0.12129629629629629
1 0.5166666666666667 0.6268518518518519 0.019791666666666666 0.1259259259259259
1 0.4119791666666667 0.6273148148148148 0.01875 0.125
1 0.32786458333333335 0.7166666666666667 0.0203125 0.07037037037037037
1 0.46510416666666665 0.7217592592592592 0.01875 0.06574074074074074
1 0.43020833333333336 0.8287037037037037 0.020833333333333332 0.037037037037037035
