0 0.41901041666666666 0.3819444444444444 0.0203125 0.03611111111111111
1 0.4375 0.17222222222222222 0.015625 0.10555555555555556
1 0.41380208333333335 0.2523148148148148 0.015104166666666667 0.10833333333333334
1 0.5325520833333334 0.2523148148148148 0.0171875 0.10833333333333334
1 0.5 0.33611111111111114 0.01875 0.1037037037037037
1 0.40234375 0.3365740740740741 0.019270833333333334 0.10462962962962963
1 0.30494791666666665 0.3388888888888889 0.0171875 0.10555555555555556
1 0.35859375 0.41388888888888886 0.018229166666666668 0.05740740740740741
1 0.4236979166666667 0.4166666666666667 0.019270833333333334 0.05925925925925926
1 0.48880208333333336 0.4148148148148148 0.019270833333333334 0.05740740740740741
1 0.5544270833333333 0.41388888888888886 0.019270833333333334 0.05925925925925926
1 0.6197916666666666 0.41574074074074074 0.01875 0.05925925925925926
1 0.5578125 0.5212962962962963 0.016666666666666666 0.09814814814814815
1 0.490625 0.5194444444444445 0.01875 0.0962962962962963
1 0.4234375 0.5212962962962963 0.01875 0.1
1 0.35546875 0.5217592592592593 0.0171875 0.10277777777777777
1 0.28932291666666665 0.5222222222222223 0.019270833333333334 0.10185185185185185
1 0.4125 0.625 0.01875 0.12037037037037036
1 0.5184895833333333 0.6259259259259259 0.0171875 0.12222222222222222
1 0.6239583333333333 0.6259259259259259 0.017708333333333333 0.11851851851851852
1 0.46432291666666664 0.7217592592592592 0.019270833333333334 0.06759259259259259
1 0.32890625 0.7171296296296297 0.022395833333333334 0.075
1 0.43020833333333336 0.8277777777777777 0.019791666666666666 0.037037037037037035
