0 0.42083333333333334 0.37962962962962965 0.01875 0.03888888888888889
1 0.43463541666666666 0.17222222222222222 0.0203125 0.10740740740740741
1 0.45677083333333335 0.25324074074074077 0.021875 0.10092592592592593
1 0.33619791666666665 0.25324074074074077 0.0265625 0.10648148148148148
1 0.3065104166666667 0.3365740740740741 0.019270833333333334 0.10462962962962963
1 0.403125 0.3388888888888889 0.01875 0.10555555555555556
1 0.50078125 0.33796296296296297 0.016145833333333335 0.10555555555555556
1 0.359375 0.41574074074074074 0.019791666666666666 0.06296296296296296
1 0.42421875 0.41435185185185186 0.018229166666666668 0.058333333333333334
1 0.4890625 0.41574074074074074 0.016666666666666666 0.05555555555555555
1 0.5546875 0.4148148148148148 0.01875 0.06111111111111111
1 0.6197916666666666 0.41435185185185186 0.020833333333333332 0.058333333333333334
1 0.5580729166666667 0.5208333333333334 0.018229166666666668 0.10092592592592593
1 0.4921875 0.5208333333333334 0.017708333333333333 0.09907407407407408
1 0.4239583333333333 0.5194444444444445 0.017708333333333333 0.09814814814814815
1 0.35651041666666666 0.5212962962962963 0.018229166666666668 0.09814814814814815
1 0.2908854166666667 0.5199074074074074 0.019270833333333334 0.09907407407407408
1 0.4127604166666667 0.6263888888888889 0.018229166666666668 0.12314814814814815
1 0.5174479166666667 0.6259259259259259 0.019270833333333334 0.12222222222222222
1 0.6221354166666667 0.6259259259259259 0.019270833333333334 0.12037037037037036
1 0.46510416666666665 0.7189814814814814 0.01875 0.0712962962962963
1 0.32864583333333336 0.7180555555555556 0.021875 0.07314814814814814
1 0.42942708333333335 0.8287037037037037 0.022395833333333334 0.03148148148148148
