0 0.42083333333333334 0.37962962962962965 0.01875 0.03518518518518519
1 0.5 0.17222222222222222 0.016666666666666666 0.1037037037037037
1 0.47994791666666664 0.25416666666666665 0.016145833333333335 0.10833333333333334
1 0.6002604166666666 0.25277777777777777 0.016145833333333335 0.10555555555555556
1 0.49973958333333335 0.33796296296296297 0.019270833333333334 0.1037037037037037
1 0.40390625 0.33796296296296297 0.019270833333333334 0.1037037037037037
1 0.30625 0.33564814814814814 0.01875 0.10648148148148148
1 0.35989583333333336 0.41388888888888886 0.020833333333333332 0.06111111111111111
1 0.4234375 0.4162037037037037 0.01875 0.058333333333333334
1 0.4890625 0.4162037037037037 0.01875 0.058333333333333334
1 0.5549479166666667 0.4152777777777778 0.019270833333333334 0.058333333333333334
1 0.6203125 0.4162037037037037 0.017708333333333333 0.06388888888888888
1 0.29010416666666666 0.5212962962962963 0.019791666666666666 0.0962962962962963
1 0.3567708333333333 0.5199074074074074 0.017708333333333333 0.09722222222222222
1 0.4231770833333333 0.5199074074074074 0.018229166666666668 0.09537037037037037
1 0.49114583333333334 0.5203703703703704 0.017708333333333333 0.0962962962962963
1 0.5575520833333333 0.5208333333333334 0.016145833333333335 0.09722222222222222
1 0.62421875 0.624537037037037 0.018229166666666668 0.12129629629629629
1 0.5177083333333333 0.6268518518518519 0.019791666666666666 0.12222222222222222
1 0.41119791666666666 0.625 0.0203125 0.12037037037037036
1 0.465625 0.7143518518518519 0.01875 0.06018518518518518
1 0.3296875 0.7125 0.021875 0.058333333333333334
1 0.4192708333333333 0.825 0.019791666666666666 0.037037037037037035
