0 0.4205729166666667 0.38055555555555554 0.019270833333333334 0.037037037037037035
1 0.4986979166666667 0.17222222222222222 0.015104166666666667 0.10740740740740741
1 0.54375 0.2518518518518518 0.013541666666666667 0.10740740740740741
1 0.4239583333333333 0.2523148148148148 0.016666666666666666 0.10648148148148148
1 0.4036458333333333 0.33796296296296297 0.017708333333333333 0.1037037037037037
1 0.5015625 0.33796296296296297 0.016666666666666666 0.1037037037037037
1 0.3078125 0.337037037037037 0.017708333333333333 0.10185185185185185
1 0.35911458333333335 0.4162037037037037 0.018229166666666668 0.05648148148148148
1 0.4231770833333333 0.4166666666666667 0.021354166666666667 0.05925925925925926
1 0.48984375 0.4162037037037037 0.0171875 0.062037037037037036
1 0.5546875 0.41435185185185186 0.01875 0.06018518518518518
1 0.6192708333333333 0.41574074074074074 0.017708333333333333 0.06111111111111111
1 0.5578125 0.5189814814814815 0.016666666666666666 0.09907407407407408
1 0.49114583333333334 0.5203703703703704 0.017708333333333333 0.0962962962962963
1 0.42421875 0.5203703703703704 0.0171875 0.0962962962962963
1 0.35703125 0.5199074074074074 0.0203125 0.09907407407407408
1 0.290625 0.5199074074074074 0.021875 0.09537037037037037
1 0.4125 0.6268518518518519 0.017708333333333333 0.12222222222222222
1 0.5174479166666667 0.6273148148148148 0.019270833333333334 0.12129629629629629
1 0.6234375 0.6277777777777778 0.01875 0.12407407407407407
1 0.46536458333333336 0.7203703703703703 0.019270833333333334 0.06111111111111111
1 0.3294270833333333 0.7143518518518519 0.022395833333333334 0.06759259259259259
1 0.41901041666666666 0.8268518518518518 0.0203125 0.03888888888888889
