0 0.42109375 0.38101851851851853 0.021354166666666667 0.03796296296296296
1 0.45234375 0.17222222222222222 0.018229166666666668 0.10555555555555556
1 0.43125 0.2550925925925926 0.016666666666666666 0.11203703703703703
1 0.5518229166666667 0.2537037037037037 0.019270833333333334 0.10740740740740741
1 0.5002604166666667 0.3375 0.018229166666666668 0.10462962962962963
1 0.403125 0.3384259259259259 0.016666666666666666 0.10277777777777777
1 0.30703125 0.337037037037037 0.019270833333333334 0.10185185185185185
1 0.3580729166666667 0.4152777777777778 0.019270833333333334 0.06018518518518518
1 0.4231770833333333 0.41574074074074074 0.0203125 0.05925925925925926
1 0.48932291666666666 0.41574074074074074 0.019270833333333334 0.05740740740740741
1 0.5541666666666667 0.4152777777777778 0.017708333333333333 0.06018518518518518
1 0.6200520833333333 0.41388888888888886 0.0203125 0.05925925925925926
1 0.5578125 0.5212962962962963 0.017708333333333333 0.1
1 0.49244791666666665 0.5208333333333334 0.018229166666666668 0.09907407407407408
1 0.4244791666666667 0.5208333333333334 0.017708333333333333 0.09907407407407408
1 0.35651041666666666 0.5212962962962963 0.018229166666666668 0.0962962962962963
1 0.28984375 0.5185185185185185 0.019270833333333334 0.09444444444444444
1 0.4125 0.6259259259259259 0.016666666666666666 0.12222222222222222
1 0.51796875 0.625462962962963 0.018229166666666668 0.12314814814814815
1 0.6234375 0.6259259259259259 0.016666666666666666 0.12037037037037036
1 0.3294270833333333 0.7157407407407408 0.019270833333333334 0.06666666666666667
1 0.46458333333333335 0.7175925925925926 0.020833333333333332 0.06111111111111111
1 0.41953125 0.8245370370370371 0.021354166666666667 0.041666666666666664
