0 0.42109375 0.38055555555555554 0.0203125 0.03518518518518519
1 0.4986979166666667 0.1699074074074074 0.0171875 0.10462962962962963
1 0.5471354166666667 0.25277777777777777 0.0203125 0.1111111111111111
1 0.42578125 0.25416666666666665 0.022395833333333334 0.10648148148148148
1 0.40286458333333336 0.33564814814814814 0.018229166666666668 0.10462962962962963
1 0.49973958333333335 0.33611111111111114 0.0171875 0.1037037037037037
1 0.3072916666666667 0.33935185185185185 0.01875 0.10277777777777777
1 0.35833333333333334 0.4148148148148148 0.017708333333333333 0.05925925925925926
1 0.42239583333333336 0.4148148148148148 0.01875 0.05555555555555555
1 0.48932291666666666 0.4148148148148148 0.0171875 0.06111111111111111
1 0.5546875 0.41435185185185186 0.017708333333333333 0.05648148148148148
1 0.6197916666666666 0.4148148148148148 0.019791666666666666 0.05925925925925926
1 0.5580729166666667 0.5189814814814815 0.018229166666666668 0.09722222222222222
1 0.49140625 0.5217592592592593 0.0171875 0.09907407407407408
1 0.42421875 0.5208333333333334 0.018229166666666668 0.10092592592592593
1 0.35651041666666666 0.5189814814814815 0.019270833333333334 0.09537037037037037
1 0.28958333333333336 0.5194444444444445 0.017708333333333333 0.09814814814814815
1 0.4125 0.6259259259259259 0.015625 0.12407407407407407
1 0.5184895833333333 0.624537037037037 0.018229166666666668 0.12129629629629629
1 0.6236979166666666 0.6268518518518519 0.018229166666666668 0.12407407407407407
1 0.465625 0.7134259259259259 0.017708333333333333 0.06388888888888888
1 0.32890625 0.7143518518518519 0.0203125 0.06388888888888888
1 0.41848958333333336 0.825 0.0203125 0.03888888888888889
