0 0.42109375 0.3787037037037037 0.0203125 0.03888888888888889
1 0.4986979166666667 0.17083333333333334 0.016145833333333335 0.10648148148148148
1 0.5434895833333333 0.25277777777777777 0.016145833333333335 0.10740740740740741
1 0.4234375 0.2523148148148148 0.017708333333333333 0.10648148148148148
1 0.3065104166666667 0.33796296296296297 0.019270833333333334 0.10555555555555556
1 0.40338541666666666 0.337037037037037 0.0171875 0.10555555555555556
1 0.50078125 0.33611111111111114 0.0171875 0.1037037037037037
1 0.6197916666666666 0.4166666666666667 0.017708333333333333 0.05925925925925926
1 0.5546875 0.41388888888888886 0.019791666666666666 0.06111111111111111
1 0.48932291666666666 0.41435185185185186 0.018229166666666668 0.058333333333333334
1 0.4239583333333333 0.4148148148148148 0.016666666666666666 0.05555555555555555
1 0.359375 0.4152777777777778 0.016666666666666666 0.058333333333333334
1 0.28932291666666665 0.5208333333333334 0.018229166666666668 0.09537037037037037
1 0.35625 0.5185185185185185 0.017708333333333333 0.0962962962962963
1 0.42421875 0.5208333333333334 0.0171875 0.09722222222222222
1 0.49114583333333334 0.5199074074074074 0.017708333333333333 0.09722222222222222
1 0.5572916666666666 0.5208333333333334 0.017708333333333333 0.09722222222222222
1 0.6231770833333333 0.6277777777777778 0.018229166666666668 0.12407407407407407
1 0.51796875 0.625462962962963 0.0171875 0.12314814814814815
1 0.4125 0.6268518518518519 0.01875 0.12222222222222222
1 0.32890625 0.7143518518518519 0.0203125 0.06388888888888888
1 0.46536458333333336 0.7148148148148148 0.019270833333333334 0.06666666666666667
1 0.41848958333333336 0.825925925925926 0.0203125 0.04259259259259259
