0 0.4296875 0.3814814814814815 0.021875 0.03333333333333333
1 0.49895833333333334 0.17083333333333334 0.015625 0.10648148148148148
1 0.5434895833333333 0.2523148148148148 0.016145833333333335 0.10833333333333334
1 0.42213541666666665 0.2513888888888889 0.016145833333333335 0.10462962962962963
1 0.31666666666666665 0.3402777777777778 0.01875 0.10277777777777777
1 0.4114583333333333 0.3375 0.016666666666666666 0.09907407407407408
1 0.5080729166666667 0.3402777777777778 0.019270833333333334 0.10092592592592593
1 0.6197916666666666 0.41435185185185186 0.017708333333333333 0.062037037037037036
1 0.5546875 0.4152777777777778 0.017708333333333333 0.06018518518518518
1 0.4890625 0.4162037037037037 0.017708333333333333 0.06018518518518518
1 0.4231770833333333 0.4152777777777778 0.0203125 0.058333333333333334
1 0.35885416666666664 0.41574074074074074 0.019791666666666666 0.05925925925925926
1 0.29140625 0.5208333333333334 0.0203125 0.09537037037037037
1 0.35703125 0.5222222222222223 0.018229166666666668 0.1
1 0.4236979166666667 0.5208333333333334 0.019270833333333334 0.10092592592592593
1 0.49114583333333334 0.5199074074074074 0.017708333333333333 0.09907407407407408
1 0.5588541666666667 0.5212962962962963 0.017708333333333333 0.1
1 0.6234375 0.6263888888888889 0.01875 0.11944444444444445
1 0.5182291666666666 0.624537037037037 0.017708333333333333 0.12129629629629629
1 0.4127604166666667 0.625462962962963 0.018229166666666668 0.11944444444444445
1 0.32890625 0.7148148148148148 0.019270833333333334 0.06851851851851852
1 0.465625 0.7162037037037037 0.016666666666666666 0.06574074074074074
1 0.41901041666666666 0.825 0.019270833333333334 0.04259259259259259
