1 0.49270833333333336 0.17175925925925925 0.014583333333333334 0.10648148148148148
1 0.5502604166666667 0.25277777777777777 0.0140625 0.10925925925925926
1 0.4315104166666667 0.25324074074074077 0.0171875 0.11018518518518519
1 0.40338541666666666 0.3296296296296296 0.0171875 0.07592592592592592
1 0.5013020833333334 0.32685185185185184 0.016145833333333335 0.07222222222222222
1 0.3072916666666667 0.32916666666666666 0.017708333333333333 0.0712962962962963
1 0.359375 0.41712962962962963 0.019791666666666666 0.06018518518518518
1 0.4236979166666667 0.4152777777777778 0.018229166666666668 0.05648148148148148
1 0.4890625 0.4148148148148148 0.017708333333333333 0.05740740740740741
1 0.5541666666666667 0.4162037037037037 0.017708333333333333 0.06018518518518518
1 0.6203125 0.4152777777777778 0.016666666666666666 0.058333333333333334
1 0.55859375 0.5217592592592593 0.015104166666666667 0.09351851851851851
1 0.49114583333333334 0.5203703703703704 0.016666666666666666 0.09259259259259259
1 0.4244791666666667 0.5208333333333334 0.017708333333333333 0.09351851851851851
1 0.35703125 0.5203703703703704 0.018229166666666668 0.09444444444444444
1 0.2908854166666667 0.5208333333333334 0.0203125 0.09351851851851851
1 0.4125 0.6259259259259259 0.017708333333333333 0.12222222222222222
1 0.5184895833333333 0.6240740740740741 0.018229166666666668 0.11851851851851852
1 0.6231770833333333 0.6259259259259259 0.0171875 0.12222222222222222
1 0.4666666666666667 0.7143518518518519 0.01875 0.06574074074074074
1 0.3294270833333333 0.7148148148148148 0.0203125 0.06481481481481481
1 0.41953125 0.825925925925926 0.021354166666666667 0.037037037037037035
