1 0.49270833333333336 0.17037037037037037 0.016666666666666666 0.10740740740740741
1 0.5502604166666667 0.25416666666666665 0.018229166666666668 0.11018518518518519
1 0.43020833333333336 0.2523148148148148 0.017708333333333333 0.10648148148148148
1 0.30364583333333334 0.3212962962962963 0.017708333333333333 0.04259259259259259
1 0.4005208333333333 0.32175925925925924 0.017708333333333333 0.03981481481481482
1 0.4979166666666667 0.3212962962962963 0.01875 0.03888888888888889
1 0.6197916666666666 0.41574074074074074 0.019791666666666666 0.06296296296296296
1 0.55390625 0.41712962962962963 0.019270833333333334 0.062037037037037036
1 0.4895833333333333 0.4148148148148148 0.01875 0.05925925925925926
1 0.4236979166666667 0.41388888888888886 0.019270833333333334 0.05740740740740741
1 0.35963541666666665 0.4148148148148148 0.0203125 0.05925925925925926
1 0.2916666666666667 0.5212962962962963 0.021875 0.09259259259259259
1 0.35651041666666666 0.5199074074074074 0.021354166666666667 0.09351851851851851
1 0.4239583333333333 0.5203703703703704 0.017708333333333333 0.09444444444444444
1 0.49192708333333335 0.5199074074074074 0.0171875 0.09166666666666666
1 0.5580729166666667 0.5199074074074074 0.016145833333333335 0.09166666666666666
1 0.6231770833333333 0.6259259259259259 0.0171875 0.12037037037037036
1 0.51796875 0.625462962962963 0.0171875 0.11944444444444445
1 0.4122395833333333 0.6273148148148148 0.019270833333333334 0.12314814814814815
1 0.46588541666666666 0.7171296296296297 0.018229166666666668 0.06388888888888888
1 0.3294270833333333 0.7152777777777778 0.0203125 0.06759259259259259
1 0.41875 0.8277777777777777 0.019791666666666666 0.040740740740740744
