1 0.49140625 0.1699074074074074 0.0171875 0.10648148148148148
1 0.55078125 0.25092592592592594 0.0171875 0.10555555555555556
1 0.4296875 0.2523148148148148 0.019791666666666666 0.11018518518518519
1 0.49713541666666666 0.3212962962962963 0.0171875 0.040740740740740744
1 0.4002604166666667 0.3212962962962963 0.018229166666666668 0.044444444444444446
1 0.30416666666666664 0.32222222222222224 0.019791666666666666 0.040740740740740744
1 0.35989583333333336 0.41759259259259257 0.01875 0.05925925925925926
1 0.42421875 0.41712962962962963 0.0203125 0.058333333333333334
1 0.48880208333333336 0.41574074074074074 0.018229166666666668 0.05740740740740741
1 0.55390625 0.4166666666666667 0.019270833333333334 0.05925925925925926
1 0.6190104166666667 0.41712962962962963 0.018229166666666668 0.058333333333333334
1 0.29010416666666666 0.525 0.01875 0.11481481481481481
1 0.3567708333333333 0.524537037037037 0.017708333333333333 0.11574074074074074
1 0.4236979166666667 0.524537037037037 0.018229166666666668 0.11574074074074074
1 0.49114583333333334 0.524074074074074 0.016666666666666666 0.11666666666666667
1 0.5578125 0.525 0.017708333333333333 0.11851851851851852
1 0.6231770833333333 0.6268518518518519 0.018229166666666668 0.11851851851851852
1 0.5182291666666666 0.625462962962963 0.01875 0.12129629629629629
1 0.41302083333333334 0.625 0.016666666666666666 0.11851851851851852
1 0.465625 0.7138888888888889 0.01875 0.05740740740740741
1 0.32890625 0.7125 0.0203125 0.058333333333333334
1 0.41875 0.825925925925926 0.01875 0.04259259259259259
