1 0.47578125 0.1699074074074074 0.015104166666666667 0.09907407407407408
1 0.5520833333333334 0.25324074074074077 0.017708333333333333 0.10833333333333334
1 0.43072916666666666 0.25324074074074077 0.017708333333333333 0.10648148148148148
1 0.49713541666666666 0.32083333333333336 0.015104166666666667 0.03796296296296296
1 0.4 0.32083333333333336 0.016666666666666666 0.041666666666666664
1 0.30520833333333336 0.32083333333333336 0.022916666666666665 0.03981481481481482
1 0.3528645833333333 0.4148148148148148 0.0171875 0.046296296296296294
1 0.4171875 0.4148148148148148 0.016666666666666666 0.040740740740740744
1 0.48203125 0.4125 0.013020833333333334 0.03981481481481482
1 0.6135416666666667 0.4162037037037037 0.016666666666666666 0.04537037037037037
1 0.56171875 0.5236111111111111 0.018229166666666668 0.09722222222222222
1 0.496875 0.5217592592592593 0.015625 0.09722222222222222
1 0.42734375 0.5208333333333334 0.0171875 0.10092592592592593
1 0.3614583333333333 0.5189814814814815 0.019791666666666666 0.10462962962962963
1 0.29401041666666666 0.5203703703703704 0.0203125 0.09814814814814815
1 0.41302083333333334 0.6259259259259259 0.017708333333333333 0.12037037037037036
1 0.5177083333333333 0.6231481481481481 0.019791666666666666 0.12037037037037036
1 0.6236979166666666 0.6268518518518519 0.0203125 0.12037037037037036
1 0.46588541666666666 0.7129629629629629 0.019270833333333334 0.06111111111111111
1 0.32864583333333336 0.7125 0.020833333333333332 0.058333333333333334
1 0.4197916666666667 0.825 0.021875 0.04259259259259259
