0 0.46145833333333336 0.4375 0.019791666666666666 0.021296296296296296
1 0.4348958333333333 0.17083333333333334 0.01875 0.10092592592592593
1 0.4661458333333333 0.24027777777777778 0.017708333333333333 0.04537037037037037
1 0.5859375 0.24259259259259258 0.019791666666666666 0.05185185185185185
1 0.49713541666666666 0.3236111111111111 0.018229166666666668 0.041666666666666664
1 0.4010416666666667 0.325 0.015625 0.03888888888888889
1 0.30390625 0.32407407407407407 0.0171875 0.03518518518518519
1 0.33177083333333335 0.4162037037037037 0.019791666666666666 0.03981481481481482
1 0.3958333333333333 0.41712962962962963 0.016666666666666666 0.03796296296296296
1 0.4625 0.4185185185185185 0.016666666666666666 0.04259259259259259
1 0.52734375 0.4162037037037037 0.021354166666666667 0.03611111111111111
1 0.5934895833333333 0.41574074074074074 0.019270833333333334 0.03888888888888889
1 0.29661458333333335 0.5203703703703704 0.022395833333333334 0.08518518518518518
1 0.36276041666666664 0.5194444444444445 0.019270833333333334 0.08703703703703704
1 0.42994791666666665 0.5175925925925926 0.0203125 0.09074074074074075
1 0.496875 0.5199074074074074 0.01875 0.08796296296296297
1 0.5640625 0.5194444444444445 0.015625 0.08888888888888889
1 0.6236979166666666 0.6277777777777778 0.018229166666666668 0.12037037037037036
1 0.5184895833333333 0.625 0.019270833333333334 0.12407407407407407
1 0.4125 0.6263888888888889 0.019791666666666666 0.12314814814814815
1 0.4591145833333333 0.7337962962962963 0.016145833333333335 0.125
1 0.3229166666666667 0.7310185185185185 0.019791666666666666 0.12314814814814815
1 0.41119791666666666 0.8273148148148148 0.022395833333333334 0.03611111111111111
