0 0.46171875 0.4388888888888889 0.016145833333333335 0.03148148148148148
1 0.4544270833333333 0.17222222222222222 0.0171875 0.1
1 0.5236979166666667 0.25092592592592594 0.015104166666666667 0.1037037037037037
1 0.40520833333333334 0.2518518518518518 0.017708333333333333 0.1
1 0.4979166666666667 0.3282407407407407 0.016666666666666666 0.06944444444444445
1 0.4 0.3296296296296296 0.020833333333333332 0.06666666666666667
1 0.30494791666666665 0.3263888888888889 0.019270833333333334 0.06759259259259259
1 0.334375 0.41712962962962963 0.01875 0.03796296296296296
1 0.39869791666666665 0.41574074074074074 0.0171875 0.03888888888888889
1 0.4666666666666667 0.41435185185185186 0.017708333333333333 0.03796296296296296
1 0.5291666666666667 0.4162037037037037 0.019791666666666666 0.03981481481481482
1 0.5966145833333333 0.41805555555555557 0.019270833333333334 0.03981481481481482
1 0.3302083333333333 0.625 0.021875 0.12222222222222222
1 0.43697916666666664 0.625 0.015625 0.11851851851851852
1 0.5421875 0.6287037037037037 0.020833333333333332 0.12222222222222222
1 0.4515625 0.7324074074074074 0.023958333333333335 0.12037037037037036
1 0.31588541666666664 0.7305555555555555 0.021354166666666667 0.12037037037037036
1 0.42421875 0.8277777777777777 0.019270833333333334 0.037037037037037035
