0 0.459375 0.43796296296296294 0.016666666666666666 0.03333333333333333
1 0.42526041666666664 0.17037037037037037 0.018229166666666668 0.10555555555555556
1 0.38697916666666665 0.24861111111111112 0.01875 0.08611111111111111
1 0.5067708333333333 0.24768518518518517 0.017708333333333333 0.0824074074074074
1 0.4979166666666667 0.32546296296296295 0.019791666666666666 0.058333333333333334
1 0.40130208333333334 0.3287037037037037 0.021354166666666667 0.05925925925925926
1 0.30390625 0.32546296296296295 0.021354166666666667 0.05462962962962963
1 0.3190104166666667 0.41805555555555557 0.022395833333333334 0.03981481481481482
1 0.38177083333333334 0.4162037037037037 0.015625 0.03796296296296296
1 0.4515625 0.4152777777777778 0.019791666666666666 0.041666666666666664
1 0.5158854166666667 0.41574074074074074 0.021354166666666667 0.040740740740740744
1 0.5802083333333333 0.41388888888888886 0.019791666666666666 0.037037037037037035
1 0.5640625 0.512962962962963 0.016666666666666666 0.07222222222222222
1 0.4981770833333333 0.513425925925926 0.019270833333333334 0.07314814814814814
1 0.43072916666666666 0.5125 0.019791666666666666 0.06944444444444445
1 0.36380208333333336 0.5148148148148148 0.022395833333333334 0.07037037037037037
1 0.29765625 0.5101851851851852 0.021354166666666667 0.06481481481481481
1 0.28125 0.624537037037037 0.020833333333333332 0.12314814814814815
1 0.3880208333333333 0.6236111111111111 0.01875 0.11944444444444445
1 0.49270833333333336 0.6263888888888889 0.017708333333333333 0.12129629629629629
1 0.446875 0.7314814814814815 0.019791666666666666 0.11851851851851852
1 0.31015625 0.7305555555555555 0.0203125 0.12222222222222222
1 0.41640625 0.8273148148148148 0.0203125 0.03796296296296296
