0 0.31666666666666665 0.45 0.019791666666666666 0.03518518518518519
1 0.42526041666666664 0.1712962962962963 0.018229166666666668 0.1037037037037037
1 0.38645833333333335 0.24675925925925926 0.01875 0.08055555555555556
1 0.5059895833333333 0.24537037037037038 0.0171875 0.07777777777777778
1 0.3046875 0.324537037037037 0.020833333333333332 0.058333333333333334
1 0.4010416666666667 0.32685185185185184 0.020833333333333332 0.05740740740740741
1 0.496875 0.32592592592592595 0.015625 0.05925925925925926
1 0.32083333333333336 0.41388888888888886 0.016666666666666666 0.04259259259259259
1 0.38697916666666665 0.41435185185185186 0.017708333333333333 0.041666666666666664
1 0.45234375 0.41203703703703703 0.016145833333333335 0.040740740740740744
1 0.5174479166666667 0.41435185185185186 0.0171875 0.03796296296296296
1 0.58203125 0.412962962962963 0.015104166666666667 0.03888888888888889
1 0.29270833333333335 0.525 0.014583333333333334 0.11481481481481481
1 0.359375 0.524074074074074 0.017708333333333333 0.11481481481481481
1 0.4270833333333333 0.5254629629629629 0.017708333333333333 0.11574074074074074
1 0.49453125 0.5199074074074074 0.0171875 0.11018518518518519
1 0.5606770833333333 0.5254629629629629 0.0171875 0.1175925925925926
1 0.49270833333333336 0.6263888888888889 0.01875 0.12129629629629629
1 0.38671875 0.625 0.019270833333333334 0.12407407407407407
1 0.28072916666666664 0.625 0.015625 0.12037037037037036
1 0.29348958333333336 0.7328703703703704 0.019270833333333334 0.12129629629629629
1 0.42994791666666665 0.7300925925925926 0.018229166666666668 0.12129629629629629
1 0.4002604166666667 0.825462962962963 0.0203125 0.04722222222222222
