0 0.35442708333333334 0.45046296296296295 0.022395833333333334 0.03425925925925926
1 0.425 0.17222222222222222 0.017708333333333333 0.10555555555555556
1 0.38697916666666665 0.2462962962962963 0.016666666666666666 0.07962962962962963
1 0.5065104166666666 0.24722222222222223 0.016145833333333335 0.07777777777777778
1 0.3046875 0.3263888888888889 0.01875 0.062037037037037036
1 0.4005208333333333 0.32592592592592595 0.016666666666666666 0.06481481481481481
1 0.49765625 0.3263888888888889 0.0171875 0.06018518518518518
1 0.31302083333333336 0.41574074074074074 0.01875 0.044444444444444446
1 0.37838541666666664 0.41435185185185186 0.019270833333333334 0.03981481481481482
1 0.44244791666666666 0.4148148148148148 0.015104166666666667 0.04259259259259259
1 0.5104166666666666 0.41388888888888886 0.016666666666666666 0.040740740740740744
1 0.57578125 0.41435185185185186 0.015104166666666667 0.03796296296296296
1 0.6140625 0.5097222222222222 0.014583333333333334 0.03981481481481482
1 0.5473958333333333 0.5087962962962963 0.017708333333333333 0.03796296296296296
1 0.48125 0.5055555555555555 0.016666666666666666 0.04259259259259259
1 0.41119791666666666 0.5060185185185185 0.016145833333333335 0.04351851851851852
1 0.3458333333333333 0.5087962962962963 0.017708333333333333 0.049074074074074076
1 0.3489583333333333 0.625 0.025 0.11851851851851852
1 0.5598958333333334 0.6291666666666667 0.025 0.11574074074074074
1 0.45026041666666666 0.7310185185185185 0.019270833333333334 0.125
1 0.31223958333333335 0.7305555555555555 0.0171875 0.12222222222222222
1 0.41848958333333336 0.825462962962963 0.018229166666666668 0.03981481481481482
