0 0.27890625 0.6467592592592593 0.019270833333333334 0.03796296296296296
1 0.4265625 0.1736111111111111 0.019791666666666666 0.10648148148148148
1 0.39296875 0.25046296296296294 0.018229166666666668 0.09907407407407408
1 0.5114583333333333 0.25324074074074077 0.015625 0.09907407407407408
1 0.4973958333333333 0.32592592592592595 0.016666666666666666 0.06666666666666667
1 0.4002604166666667 0.32916666666666666 0.019270833333333334 0.06759259259259259
1 0.3033854166666667 0.3263888888888889 0.021354166666666667 0.06018518518518518
1 0.29583333333333334 0.4212962962962963 0.020833333333333332 0.07592592592592592
1 0.3614583333333333 0.4203703703703704 0.020833333333333332 0.07592592592592592
1 0.42604166666666665 0.4199074074074074 0.017708333333333333 0.07685185185185185
1 0.49166666666666664 0.42083333333333334 0.017708333333333333 0.07685185185185185
1 0.5572916666666666 0.4212962962962963 0.016666666666666666 0.07592592592592592
1 0.6028645833333334 0.5277777777777778 0.0171875 0.12037037037037036
1 0.5356770833333333 0.5259259259259259 0.018229166666666668 0.11851851851851852
1 0.46875 0.5268518518518519 0.016666666666666666 0.11851851851851852
1 0.40208333333333335 0.5268518518518519 0.017708333333333333 0.12222222222222222
1 0.33359375 0.524537037037037 0.019270833333333334 0.1175925925925926
1 0.30911458333333336 0.6097222222222223 0.0171875 0.04537037037037037
1 0.41458333333333336 0.612037037037037 0.017708333333333333 0.040740740740740744
1 0.5197916666666667 0.6138888888888889 0.014583333333333334 0.04259259259259259
1 0.42291666666666666 0.7337962962962963 0.01875 0.125
1 0.28619791666666666 0.7328703703703704 0.018229166666666668 0.12685185185185185
1 0.3984375 0.8263888888888888 0.020833333333333332 0.04537037037037037
