0 0.46770833333333334 0.6912037037037037 0.020833333333333332 0.03425925925925926
1 0.46328125 0.1699074074074074 0.018229166666666668 0.10092592592592593
1 0.5317708333333333 0.25324074074074077 0.016666666666666666 0.10648148148148148
1 0.4125 0.2537037037037037 0.01875 0.10925925925925926
1 0.4973958333333333 0.32731481481481484 0.01875 0.06574074074074074
1 0.4002604166666667 0.3282407407407407 0.0203125 0.0712962962962963
1 0.30234375 0.3282407407407407 0.0203125 0.06944444444444445
1 0.3375 0.4185185185185185 0.019791666666666666 0.05925925925925926
1 0.4015625 0.4203703703703704 0.020833333333333332 0.05740740740740741
1 0.4671875 0.4185185185185185 0.016666666666666666 0.05555555555555555
1 0.5322916666666667 0.41805555555555557 0.017708333333333333 0.06018518518518518
1 0.5979166666666667 0.41805555555555557 0.015625 0.06018518518518518
1 0.6005208333333333 0.5236111111111111 0.020833333333333332 0.11944444444444445
1 0.5346354166666667 0.524537037037037 0.018229166666666668 0.11944444444444445
1 0.5778645833333333 0.6268518518518519 0.019270833333333334 0.12222222222222222
1 0.4671875 0.5138888888888888 0.017708333333333333 0.1037037037037037
1 0.4002604166666667 0.524537037037037 0.019270833333333334 0.11944444444444445
1 0.3333333333333333 0.524074074074074 0.017708333333333333 0.11851851851851852
1 0.36692708333333335 0.625462962962963 0.018229166666666668 0.12129629629629629
1 0.47213541666666664 0.6287037037037037 0.019270833333333334 0.12222222222222222
1 0.37734375 0.7185185185185186 0.021354166666666667 0.06851851851851852
1 0.5143229166666666 0.7166666666666667 0.018229166666666668 0.06666666666666667
1 0.46901041666666665 0.8324074074074074 0.019270833333333334 0.03148148148148148
