0 0.48046875 0.6939814814814815 0.019270833333333334 0.030555555555555555
1 0.465625 0.17083333333333334 0.017708333333333333 0.10277777777777777
1 0.4119791666666667 0.25324074074074077 0.019791666666666666 0.10462962962962963
1 0.5317708333333333 0.2537037037037037 0.016666666666666666 0.1037037037037037
1 0.30416666666666664 0.3287037037037037 0.01875 0.06666666666666667
1 0.4002604166666667 0.3277777777777778 0.018229166666666668 0.06481481481481481
1 0.496875 0.3263888888888889 0.015625 0.06388888888888888
1 0.3578125 0.42268518518518516 0.017708333333333333 0.07314814814814814
1 0.4236979166666667 0.4212962962962963 0.0171875 0.07592592592592592
1 0.48828125 0.42268518518518516 0.015104166666666667 0.07685185185185185
1 0.5541666666666667 0.4217592592592593 0.016666666666666666 0.07685185185185185
1 0.61875 0.4236111111111111 0.015625 0.07685185185185185
1 0.28984375 0.5226851851851851 0.018229166666666668 0.11203703703703703
1 0.3578125 0.5263888888888889 0.019791666666666666 0.11388888888888889
1 0.42213541666666665 0.524537037037037 0.0171875 0.11203703703703703
1 0.4908854166666667 0.5236111111111111 0.016145833333333335 0.10648148148148148
1 0.55625 0.5236111111111111 0.017708333333333333 0.11574074074074074
1 0.58828125 0.6259259259259259 0.019270833333333334 0.12222222222222222
1 0.48333333333333334 0.6259259259259259 0.01875 0.12222222222222222
1 0.37864583333333335 0.625462962962963 0.017708333333333333 0.1175925925925926
1 0.36041666666666666 0.7148148148148148 0.01875 0.05925925925925926
1 0.49713541666666666 0.7148148148148148 0.019270833333333334 0.06111111111111111
1 0.40729166666666666 0.8273148148148148 0.019791666666666666 0.03981481481481482
