0 0.4859375 0.6898148148148148 0.020833333333333332 0.03148148148148148
1 0.46640625 0.1699074074074074 0.0171875 0.10092592592592593
1 0.4122395833333333 0.25416666666666665 0.018229166666666668 0.10648148148148148
1 0.5322916666666667 0.25324074074074077 0.015625 0.10648148148148148
1 0.49713541666666666 0.32592592592592595 0.018229166666666668 0.06481481481481481
1 0.40078125 0.3282407407407407 0.0203125 0.06759259259259259
1 0.30416666666666664 0.3263888888888889 0.019791666666666666 0.06388888888888888
1 0.3580729166666667 0.42453703703703705 0.019270833333333334 0.08981481481481482
1 0.42265625 0.42407407407407405 0.018229166666666668 0.08888888888888889
1 0.48802083333333335 0.42268518518518516 0.017708333333333333 0.08981481481481482
1 0.55390625 0.4236111111111111 0.018229166666666668 0.09351851851851851
1 0.6184895833333334 0.425 0.0171875 0.09259259259259259
1 0.28958333333333336 0.525 0.016666666666666666 0.11481481481481481
1 0.35625 0.5236111111111111 0.01875 0.11203703703703703
1 0.42291666666666666 0.5259259259259259 0.01875 0.10925925925925926
1 0.4908854166666667 0.5203703703703704 0.015104166666666667 0.10185185185185185
1 0.5575520833333333 0.5236111111111111 0.019270833333333334 0.10833333333333334
1 0.5958333333333333 0.6273148148148148 0.019791666666666666 0.125
1 0.49166666666666664 0.6282407407407408 0.019791666666666666 0.11944444444444445
1 0.3859375 0.6268518518518519 0.01875 0.12222222222222222
1 0.340625 0.712037037037037 0.019791666666666666 0.05185185185185185
1 0.4783854166666667 0.7185185185185186 0.019270833333333334 0.053703703703703705
1 0.43307291666666664 0.8300925925925926 0.018229166666666668 0.030555555555555555
