0 0.4822916666666667 0.6935185185185185 0.019791666666666666 0.02962962962962963
1 0.47890625 0.17222222222222222 0.018229166666666668 0.10740740740740741
1 0.459375 0.24722222222222223 0.017708333333333333 0.08333333333333333
1 0.5791666666666667 0.24675925925925926 0.016666666666666666 0.08425925925925926
1 0.49713541666666666 0.3263888888888889 0.019270833333333334 0.06574074074074074
1 0.4002604166666667 0.32731481481481484 0.021354166666666667 0.06759259259259259
1 0.30364583333333334 0.32592592592592595 0.020833333333333332 0.06481481481481481
1 0.35833333333333334 0.42453703703703705 0.017708333333333333 0.08981481481481482
1 0.4234375 0.42407407407407405 0.019791666666666666 0.08703703703703704
1 0.48854166666666665 0.42268518518518516 0.016666666666666666 0.08796296296296297
1 0.55390625 0.4222222222222222 0.016145833333333335 0.09074074074074075
1 0.61953125 0.42407407407407405 0.018229166666666668 0.09074074074074075
1 0.28932291666666665 0.524074074074074 0.018229166666666668 0.11296296296296296
1 0.35520833333333335 0.524074074074074 0.020833333333333332 0.11481481481481481
1 0.42265625 0.525 0.016145833333333335 0.11296296296296296
1 0.490625 0.5236111111111111 0.01875 0.11018518518518519
1 0.5572916666666666 0.524537037037037 0.01875 0.11203703703703703
1 0.5888020833333333 0.6273148148148148 0.019270833333333334 0.1175925925925926
1 0.48359375 0.6291666666666667 0.0203125 0.125
1 0.37942708333333336 0.6259259259259259 0.018229166666666668 0.1259259259259259
1 0.42604166666666665 0.7111111111111111 0.014583333333333334 0.05925925925925926
1 0.5651041666666666 0.7138888888888889 0.015625 0.053703703703703705
1 0.49244791666666665 0.8212962962962963 0.0234375 0.05185185185185185
