0 0.47161458333333334 0.6888888888888889 0.0203125 0.025925925925925925
1 0.4791666666666667 0.17083333333333334 0.016666666666666666 0.10833333333333334
1 0.4609375 0.24861111111111112 0.016666666666666666 0.08425925925925926
1 0.58046875 0.2490740740740741 0.019270833333333334 0.08333333333333333
1 0.49713541666666666 0.325 0.018229166666666668 0.06481481481481481
1 0.40130208333333334 0.32685185185185184 0.019270833333333334 0.06851851851851852
1 0.3046875 0.32731481481481484 0.019791666666666666 0.06574074074074074
1 0.35833333333333334 0.42407407407407405 0.019791666666666666 0.09259259259259259
1 0.4236979166666667 0.42314814814814816 0.021354166666666667 0.09074074074074075
1 0.4890625 0.4222222222222222 0.01875 0.08888888888888889
1 0.5536458333333333 0.42314814814814816 0.016666666666666666 0.08888888888888889
1 0.6190104166666667 0.42592592592592593 0.0171875 0.09074074074074075
1 0.5575520833333333 0.5268518518518519 0.018229166666666668 0.11851851851851852
1 0.49192708333333335 0.524537037037037 0.021354166666666667 0.11574074074074074
1 0.4239583333333333 0.525 0.01875 0.11296296296296296
1 0.35546875 0.5180555555555556 0.016145833333333335 0.10648148148148148
1 0.29010416666666666 0.5226851851851851 0.015625 0.11574074074074074
1 0.35989583333333336 0.6240740740740741 0.020833333333333332 0.11851851851851852
1 0.4669270833333333 0.6263888888888889 0.018229166666666668 0.125
1 0.5703125 0.6291666666666667 0.021875 0.11944444444444445
1 0.6153645833333333 0.7138888888888889 0.015104166666666667 0.05925925925925926
1 0.47994791666666664 0.7162037037037037 0.019270833333333334 0.05092592592592592
1 0.4471354166666667 0.8287037037037037 0.021354166666666667 0.03518518518518519
