1 0.4791666666666667 0.17592592592592593 0.016666666666666666 0.10555555555555556
1 0.4588541666666667 0.2523148148148148 0.016666666666666666 0.08425925925925926
1 0.5786458333333333 0.2513888888888889 0.015625 0.08425925925925926
1 0.496875 0.33240740740740743 0.017708333333333333 0.06666666666666667
1 0.4010416666666667 0.3300925925925926 0.01875 0.06574074074074074
1 0.30442708333333335 0.32916666666666666 0.018229166666666668 0.06388888888888888
1 0.3575520833333333 0.42592592592592593 0.0171875 0.07962962962962963
1 0.4231770833333333 0.425 0.018229166666666668 0.08148148148148149
1 0.48671875 0.4263888888888889 0.0171875 0.0787037037037037
1 0.5546875 0.42777777777777776 0.017708333333333333 0.07962962962962963
1 0.6182291666666667 0.42824074074074076 0.015625 0.07685185185185185
1 0.57578125 0.5300925925925926 0.019270833333333334 0.09907407407407408
1 0.5088541666666667 0.5287037037037037 0.016666666666666666 0.1
1 0.44140625 0.5277777777777778 0.0203125 0.09444444444444444
1 0.30703125 0.5254629629629629 0.016145833333333335 0.09907407407407408
1 0.37526041666666665 0.5287037037037037 0.0171875 0.1
1 0.3450520833333333 0.6268518518518519 0.019270833333333334 0.1
1 0.4513020833333333 0.6282407407407408 0.018229166666666668 0.09722222222222222
1 0.5557291666666667 0.6310185185185185 0.017708333333333333 0.10648148148148148
1 0.60234375 0.7375 0.018229166666666668 0.11944444444444445
1 0.46588541666666666 0.7361111111111112 0.025520833333333333 0.12407407407407407
1 0.4036458333333333 0.8310185185185185 0.022916666666666665 0.04351851851851852
