0 0.35390625 0.7870370370370371 0.019270833333333334 0.037037037037037035
1 0.4627604166666667 0.1787037037037037 0.018229166666666668 0.10555555555555556
1 0.42083333333333334 0.2550925925925926 0.01875 0.08425925925925926
1 0.54140625 0.2564814814814815 0.015104166666666667 0.08703703703703704
1 0.4981770833333333 0.3333333333333333 0.018229166666666668 0.06111111111111111
1 0.4010416666666667 0.3314814814814815 0.019791666666666666 0.05925925925925926
1 0.30520833333333336 0.3314814814814815 0.021875 0.06111111111111111
1 0.3028645833333333 0.42268518518518516 0.0234375 0.06759259259259259
1 0.36744791666666665 0.42407407407407405 0.0203125 0.06111111111111111
1 0.4322916666666667 0.42407407407407405 0.017708333333333333 0.06481481481481481
1 0.4984375 0.4273148148148148 0.017708333333333333 0.06574074074074074
1 0.56328125 0.4263888888888889 0.016145833333333335 0.062037037037037036
1 0.2911458333333333 0.5259259259259259 0.017708333333333333 0.09814814814814815
1 0.3578125 0.5277777777777778 0.015625 0.0962962962962963
1 0.42421875 0.5277777777777778 0.019270833333333334 0.0962962962962963
1 0.49114583333333334 0.5259259259259259 0.017708333333333333 0.09814814814814815
1 0.5575520833333333 0.5282407407407408 0.018229166666666668 0.09722222222222222
1 0.30703125 0.6282407407407408 0.0203125 0.10092592592592593
1 0.4119791666666667 0.6291666666666667 0.01875 0.10462962962962963
1 0.5182291666666666 0.6296296296296297 0.01875 0.10925925925925926
1 0.321875 0.7379629629629629 0.01875 0.12222222222222222
1 0.4588541666666667 0.7379629629629629 0.017708333333333333 0.12407407407407407
1 0.39947916666666666 0.8314814814814815 0.029166666666666667 0.046296296296296294
