0 0.30182291666666666 0.7800925925925926 0.022395833333333334 0.03611111111111111
1 0.465625 0.1763888888888889 0.017708333333333333 0.10648148148148148
1 0.4244791666666667 0.25324074074074077 0.01875 0.08425925925925926
1 0.5455729166666666 0.2523148148148148 0.015104166666666667 0.08425925925925926
1 0.5015625 0.33101851851851855 0.017708333333333333 0.06574074074074074
1 0.4044270833333333 0.33425925925925926 0.0234375 0.06851851851851852
1 0.3078125 0.33055555555555555 0.021875 0.06481481481481481
1 0.30572916666666666 0.42314814814814816 0.01875 0.05925925925925926
1 0.3703125 0.4217592592592593 0.021875 0.06018518518518518
1 0.4354166666666667 0.4236111111111111 0.020833333333333332 0.06018518518518518
1 0.5015625 0.42407407407407405 0.01875 0.05740740740740741
1 0.565625 0.42453703703703705 0.01875 0.058333333333333334
1 0.29270833333333335 0.524074074074074 0.017708333333333333 0.09074074074074075
1 0.359375 0.5263888888888889 0.019791666666666666 0.09166666666666666
1 0.4278645833333333 0.5259259259259259 0.018229166666666668 0.09074074074074075
1 0.49505208333333334 0.5273148148148148 0.019270833333333334 0.09537037037037037
1 0.5606770833333333 0.5287037037037037 0.019270833333333334 0.09074074074074075
1 0.29453125 0.6226851851851852 0.022395833333333334 0.08796296296296297
1 0.3984375 0.6231481481481481 0.017708333333333333 0.08518518518518518
1 0.50390625 0.6236111111111111 0.019270833333333334 0.08611111111111111
1 0.29765625 0.7240740740740741 0.0203125 0.07962962962962963
1 0.4348958333333333 0.7277777777777777 0.01875 0.08518518518518518
1 0.40182291666666664 0.8277777777777777 0.0234375 0.05
