0 0.30390625 0.774537037037037 0.021354166666666667 0.03981481481481482
1 0.4752604166666667 0.1736111111111111 0.019270833333333334 0.10648148148148148
1 0.44609375 0.24768518518518517 0.018229166666666668 0.06574074074074074
1 0.5651041666666666 0.2490740740740741 0.01875 0.07222222222222222
1 0.5033854166666667 0.3296296296296296 0.019270833333333334 0.06296296296296296
1 0.4075520833333333 0.33194444444444443 0.022395833333333334 0.06574074074074074
1 0.3106770833333333 0.32731481481481484 0.0203125 0.06388888888888888
1 0.33619791666666665 0.42407407407407405 0.0203125 0.07777777777777778
1 0.40078125 0.425462962962963 0.021354166666666667 0.075
1 0.46510416666666665 0.4287037037037037 0.01875 0.07962962962962963
1 0.5317708333333333 0.425462962962963 0.019791666666666666 0.08055555555555556
1 0.5958333333333333 0.42453703703703705 0.017708333333333333 0.075
1 0.5848958333333333 0.5259259259259259 0.019791666666666666 0.10185185185185185
1 0.51796875 0.524074074074074 0.0171875 0.10185185185185185
1 0.45 0.524537037037037 0.017708333333333333 0.10277777777777777
1 0.38255208333333335 0.525 0.0203125 0.10185185185185185
1 0.31588541666666664 0.525 0.0171875 0.10185185185185185
1 0.32473958333333336 0.6212962962962963 0.024479166666666666 0.09074074074074075
1 0.43125 0.6208333333333333 0.021875 0.0824074074074074
1 0.5348958333333333 0.6231481481481481 0.020833333333333332 0.1
1 0.4192708333333333 0.7300925925925926 0.020833333333333332 0.10648148148148148
1 0.28359375 0.7305555555555555 0.022395833333333334 0.1111111111111111
1 0.403125 0.8273148148148148 0.021875 0.041666666666666664
