0 0.30572916666666666 0.774537037037037 0.021875 0.041666666666666664
1 0.4752604166666667 0.17407407407407408 0.018229166666666668 0.10555555555555556
1 0.4473958333333333 0.24675925925925926 0.01875 0.07314814814814814
1 0.5653645833333333 0.24953703703703703 0.016145833333333335 0.075
1 0.50546875 0.3300925925925926 0.019270833333333334 0.06759259259259259
1 0.4083333333333333 0.32916666666666666 0.021875 0.06388888888888888
1 0.3125 0.3287037037037037 0.020833333333333332 0.06111111111111111
1 0.32578125 0.4287037037037037 0.021354166666666667 0.09814814814814815
1 0.39036458333333335 0.42962962962962964 0.021354166666666667 0.09814814814814815
1 0.4549479166666667 0.4273148148148148 0.019270833333333334 0.10092592592592593
1 0.5229166666666667 0.42962962962962964 0.01875 0.0962962962962963
1 0.5859375 0.4263888888888889 0.01875 0.09722222222222222
1 0.59140625 0.5273148148148148 0.018229166666666668 0.11018518518518519
1 0.5252604166666667 0.5273148148148148 0.021354166666666667 0.10277777777777777
1 0.45651041666666664 0.5254629629629629 0.019270833333333334 0.10648148148148148
1 0.32317708333333334 0.5236111111111111 0.0171875 0.10462962962962963
1 0.39036458333333335 0.5231481481481481 0.0234375 0.10925925925925926
1 0.3692708333333333 0.6212962962962963 0.020833333333333332 0.0962962962962963
1 0.4734375 0.624537037037037 0.020833333333333332 0.10092592592592593
1 0.58046875 0.6259259259259259 0.021354166666666667 0.1037037037037037
1 0.28541666666666665 0.7310185185185185 0.020833333333333332 0.11018518518518519
1 0.42135416666666664 0.7310185185185185 0.022916666666666665 0.11203703703703703
1 0.40520833333333334 0.8296296296296296 0.021875 0.046296296296296294
