0 0.3067708333333333 0.7759259259259259 0.025 0.044444444444444446
1 0.4786458333333333 0.17453703703703705 0.017708333333333333 0.10648148148148148
1 0.4557291666666667 0.25 0.01875 0.07592592592592592
1 0.5744791666666667 0.25 0.016666666666666666 0.07407407407407407
1 0.50625 0.3300925925925926 0.017708333333333333 0.058333333333333334
1 0.40859375 0.3296296296296296 0.019270833333333334 0.06666666666666667
1 0.31197916666666664 0.3282407407407407 0.020833333333333332 0.06018518518518518
1 0.3182291666666667 0.42407407407407405 0.019791666666666666 0.07592592592592592
1 0.3828125 0.42453703703703705 0.01875 0.07685185185185185
1 0.44947916666666665 0.42407407407407405 0.017708333333333333 0.07222222222222222
1 0.5135416666666667 0.42592592592592593 0.017708333333333333 0.07407407407407407
1 0.58046875 0.4263888888888889 0.015104166666666667 0.07685185185185185
1 0.5927083333333333 0.5282407407407408 0.01875 0.10833333333333334
1 0.5260416666666666 0.5259259259259259 0.01875 0.10555555555555556
1 0.45755208333333336 0.5287037037037037 0.018229166666666668 0.10740740740740741
1 0.39036458333333335 0.5226851851851851 0.018229166666666668 0.10462962962962963
1 0.3223958333333333 0.524074074074074 0.019791666666666666 0.10925925925925926
1 0.3138020833333333 0.625462962962963 0.0234375 0.09722222222222222
1 0.41875 0.6231481481481481 0.01875 0.0962962962962963
1 0.5239583333333333 0.625462962962963 0.01875 0.09351851851851851
1 0.28541666666666665 0.7324074074074074 0.021875 0.1111111111111111
1 0.42161458333333335 0.7337962962962963 0.021354166666666667 0.11388888888888889
1 0.40625 0.8287037037037037 0.023958333333333335 0.053703703703703705
