0 0.3065104166666667 0.7759259259259259 0.021354166666666667 0.044444444444444446
1 0.47994791666666664 0.17453703703703705 0.0171875 0.10833333333333334
1 0.45364583333333336 0.2490740740740741 0.021875 0.07407407407407407
1 0.5731770833333333 0.25092592592592594 0.016145833333333335 0.07407407407407407
1 0.5059895833333333 0.33055555555555555 0.0203125 0.06111111111111111
1 0.409375 0.33055555555555555 0.020833333333333332 0.06296296296296296
1 0.31302083333333336 0.3287037037037037 0.020833333333333332 0.06481481481481481
1 0.33125 0.42685185185185187 0.017708333333333333 0.09814814814814815
1 0.3958333333333333 0.42592592592592593 0.019791666666666666 0.1
1 0.46119791666666665 0.42268518518518516 0.0171875 0.09537037037037037
1 0.5252604166666667 0.42824074074074076 0.0171875 0.09537037037037037
1 0.5916666666666667 0.42962962962962964 0.017708333333333333 0.1
1 0.3359375 0.5300925925925926 0.015625 0.11388888888888889
1 0.40208333333333335 0.5263888888888889 0.016666666666666666 0.10833333333333334
1 0.46927083333333336 0.5300925925925926 0.017708333333333333 0.11574074074074074
1 0.5375 0.5287037037037037 0.01875 0.11481481481481481
1 0.6044270833333333 0.5259259259259259 0.0203125 0.10555555555555556
1 0.39895833333333336 0.6273148148148148 0.020833333333333332 0.10462962962962963
1 0.50390625 0.6259259259259259 0.018229166666666668 0.1037037037037037
1 0.6072916666666667 0.6268518518518519 0.016666666666666666 0.10555555555555556
1 0.42109375 0.7324074074074074 0.0234375 0.1111111111111111
1 0.28671875 0.7305555555555555 0.018229166666666668 0.11481481481481481
1 0.40651041666666665 0.8282407407407407 0.0234375 0.04722222222222222
