1 0.46875 0.1763888888888889 0.017708333333333333 0.11018518518518519
1 0.4505208333333333 0.25046296296296294 0.017708333333333333 0.07314814814814814
1 0.56953125 0.24953703703703703 0.0140625 0.0712962962962963
1 0.5309895833333333 0.3337962962962963 0.018229166666666668 0.08055555555555556
1 0.4348958333333333 0.3351851851851852 0.015625 0.07962962962962963
1 0.33880208333333334 0.33425925925925926 0.0140625 0.08148148148148149
1 0.3059895833333333 0.4212962962962963 0.019270833333333334 0.05740740740740741
1 0.3697916666666667 0.4199074074074074 0.020833333333333332 0.05462962962962963
1 0.4361979166666667 0.4212962962962963 0.019270833333333334 0.05925925925925926
1 0.5013020833333334 0.4236111111111111 0.019270833333333334 0.062037037037037036
1 0.5658854166666667 0.42314814814814816 0.015104166666666667 0.06111111111111111
1 0.28958333333333336 0.6273148148148148 0.017708333333333333 0.11944444444444445
1 0.39479166666666665 0.6287037037037037 0.01875 0.12037037037037036
1 0.5015625 0.6300925925925925 0.01875 0.1175925925925926
1 0.43645833333333334 0.7291666666666666 0.017708333333333333 0.08981481481481482
1 0.29973958333333334 0.7277777777777777 0.019270833333333334 0.09074074074074075
1 0.40651041666666665 0.8296296296296296 0.0203125 0.040740740740740744
