0 0.38177083333333334 0.47453703703703703 0.020833333333333332 0.03796296296296296
1 0.45598958333333334 0.175 0.018229166666666668 0.10740740740740741
1 0.4322916666666667 0.24861111111111112 0.017708333333333333 0.06759259259259259
1 0.5513020833333333 0.25 0.013020833333333334 0.06851851851851852
1 0.31171875 0.3287037037037037 0.0203125 0.05740740740740741
1 0.40859375 0.3300925925925926 0.019270833333333334 0.06388888888888888
1 0.5059895833333333 0.3287037037037037 0.021354166666666667 0.05925925925925926
1 0.34140625 0.43287037037037035 0.0171875 0.10648148148148148
1 0.40546875 0.4324074074074074 0.019270833333333334 0.11296296296296296
1 0.47109375 0.4324074074074074 0.018229166666666668 0.10740740740740741
1 0.5364583333333334 0.43287037037037035 0.017708333333333333 0.10648148148148148
1 0.6018229166666667 0.4337962962962963 0.018229166666666668 0.10833333333333334
1 0.6171875 0.5166666666666667 0.017708333333333333 0.07592592592592592
1 0.5536458333333333 0.5189814814814815 0.016666666666666666 0.0787037037037037
1 0.4859375 0.5199074074074074 0.015625 0.0712962962962963
1 0.41822916666666665 0.5171296296296296 0.01875 0.06944444444444445
1 0.35104166666666664 0.513425925925926 0.020833333333333332 0.06944444444444445
1 0.290625 0.6296296296296297 0.01875 0.12222222222222222
1 0.3953125 0.6287037037037037 0.01875 0.12037037037037036
1 0.49973958333333335 0.6305555555555555 0.018229166666666668 0.12037037037037036
1 0.3184895833333333 0.7324074074074074 0.018229166666666668 0.11851851851851852
1 0.45546875 0.7347222222222223 0.0203125 0.11203703703703703
1 0.42421875 0.8328703703703704 0.022395833333333334 0.03981481481481482
