0 0.32890625 0.4671296296296296 0.0203125 0.03425925925925926
1 0.4549479166666667 0.1763888888888889 0.015104166666666667 0.10462962962962963
1 0.42135416666666664 0.25092592592592594 0.017708333333333333 0.07407407407407407
1 0.54140625 0.25092592592592594 0.016145833333333335 0.07407407407407407
1 0.31276041666666665 0.32731481481481484 0.019270833333333334 0.04537037037037037
1 0.40963541666666664 0.3277777777777778 0.019270833333333334 0.05
1 0.5067708333333333 0.32685185185185184 0.017708333333333333 0.046296296296296294
1 0.3104166666666667 0.42962962962962964 0.019791666666666666 0.09814814814814815
1 0.37447916666666664 0.4273148148148148 0.021875 0.10277777777777777
1 0.4395833333333333 0.42916666666666664 0.016666666666666666 0.09351851851851851
1 0.5044270833333333 0.4310185185185185 0.0171875 0.10092592592592593
1 0.5690104166666666 0.4300925925925926 0.0171875 0.09351851851851851
1 0.28984375 0.624537037037037 0.0203125 0.11388888888888889
1 0.39609375 0.6282407407407408 0.021354166666666667 0.11944444444444445
1 0.5015625 0.6300925925925925 0.016666666666666666 0.125
1 0.4322916666666667 0.7347222222222223 0.016666666666666666 0.11944444444444445
1 0.29583333333333334 0.7328703703703704 0.019791666666666666 0.12314814814814815
1 0.4078125 0.8287037037037037 0.021875 0.04814814814814815
