0 0.40677083333333336 0.6398148148148148 0.020833333333333332 0.03148148148148148
1 0.4822916666666667 0.1763888888888889 0.01875 0.10648148148148148
1 0.44895833333333335 0.25925925925925924 0.017708333333333333 0.1111111111111111
1 0.5684895833333333 0.25833333333333336 0.0171875 0.11666666666666667
1 0.5067708333333333 0.32685185185185184 0.017708333333333333 0.05
1 0.409375 0.32685185185185184 0.020833333333333332 0.05185185185185185
1 0.31302083333333336 0.32592592592592595 0.020833333333333332 0.05185185185185185
1 0.34296875 0.4300925925925926 0.021354166666666667 0.10277777777777777
1 0.4075520833333333 0.4310185185185185 0.0203125 0.10462962962962963
1 0.47291666666666665 0.4310185185185185 0.019791666666666666 0.09907407407407408
1 0.5385416666666667 0.4324074074074074 0.019791666666666666 0.10555555555555556
1 0.6044270833333333 0.42962962962962964 0.0171875 0.1037037037037037
1 0.56640625 0.5291666666666667 0.0171875 0.1175925925925926
1 0.5013020833333334 0.5296296296296297 0.019270833333333334 0.1259259259259259
1 0.43255208333333334 0.5282407407407408 0.019270833333333334 0.12129629629629629
1 0.3651041666666667 0.5291666666666667 0.01875 0.12129629629629629
1 0.2981770833333333 0.5296296296296297 0.0171875 0.12222222222222222
1 0.4002604166666667 0.6129629629629629 0.019270833333333334 0.037037037037037035
1 0.5059895833333333 0.6194444444444445 0.0203125 0.05
1 0.6111979166666667 0.6162037037037037 0.0203125 0.041666666666666664
1 0.3299479166666667 0.7217592592592592 0.021354166666666667 0.0787037037037037
1 0.46510416666666665 0.725 0.017708333333333333 0.07407407407407407
1 0.415625 0.8287037037037037 0.021875 0.037037037037037035
