0 0.48046875 0.6953703703703704 0.019270833333333334 0.03148148148148148
1 0.4817708333333333 0.1763888888888889 0.016666666666666666 0.10462962962962963
1 0.4473958333333333 0.25833333333333336 0.020833333333333332 0.10740740740740741
1 0.5682291666666667 0.2601851851851852 0.017708333333333333 0.11666666666666667
1 0.50625 0.3300925925925926 0.01875 0.06759259259259259
1 0.41041666666666665 0.3300925925925926 0.019791666666666666 0.06759259259259259
1 0.31276041666666665 0.32916666666666666 0.021354166666666667 0.06944444444444445
1 0.3567708333333333 0.41574074074074074 0.016666666666666666 0.05185185185185185
1 0.4203125 0.41944444444444445 0.023958333333333335 0.04814814814814815
1 0.48723958333333334 0.41944444444444445 0.0171875 0.03888888888888889
1 0.5546875 0.41759259259259257 0.023958333333333335 0.04259259259259259
1 0.6169270833333333 0.41805555555555557 0.018229166666666668 0.049074074074074076
1 0.2989583333333333 0.5296296296296297 0.015625 0.11666666666666667
1 0.365625 0.524537037037037 0.013541666666666667 0.10833333333333334
1 0.43255208333333334 0.5291666666666667 0.016145833333333335 0.12129629629629629
1 0.5002604166666667 0.5287037037037037 0.0171875 0.11666666666666667
1 0.5661458333333333 0.5291666666666667 0.016666666666666666 0.11574074074074074
1 0.58125 0.6337962962962963 0.021875 0.11944444444444445
1 0.478125 0.6310185185185185 0.017708333333333333 0.12314814814814815
1 0.37109375 0.6287037037037037 0.0203125 0.11851851851851852
1 0.37526041666666665 0.7194444444444444 0.019270833333333334 0.06851851851851852
1 0.5125 0.7208333333333333 0.016666666666666666 0.06388888888888888
1 0.47239583333333335 0.8384259259259259 0.023958333333333335 0.032407407407407406
