0 0.49609375 0.6981481481481482 0.0203125 0.02962962962962963
1 0.4825520833333333 0.175 0.016145833333333335 0.1037037037037037
1 0.4591145833333333 0.2564814814814815 0.016145833333333335 0.10740740740740741
1 0.5794270833333334 0.25925925925925924 0.015104166666666667 0.1111111111111111
1 0.5057291666666667 0.33194444444444443 0.019791666666666666 0.06574074074074074
1 0.40859375 0.3314814814814815 0.021354166666666667 0.06666666666666667
1 0.31328125 0.3296296296296296 0.019270833333333334 0.06296296296296296
1 0.36744791666666665 0.42592592592592593 0.018229166666666668 0.08148148148148149
1 0.43203125 0.4263888888888889 0.019270833333333334 0.08425925925925926
1 0.4973958333333333 0.42453703703703705 0.01875 0.0824074074074074
1 0.5630208333333333 0.4263888888888889 0.017708333333333333 0.08611111111111111
1 0.628125 0.4263888888888889 0.015625 0.08055555555555556
1 0.5666666666666667 0.5310185185185186 0.01875 0.11944444444444445
1 0.49895833333333334 0.524074074074074 0.016666666666666666 0.10555555555555556
1 0.43203125 0.5310185185185186 0.019270833333333334 0.12314814814814815
1 0.36484375 0.5291666666666667 0.0171875 0.1175925925925926
1 0.2984375 0.5282407407407408 0.016666666666666666 0.1175925925925926
1 0.39140625 0.6287037037037037 0.0171875 0.12222222222222222
1 0.49713541666666666 0.6277777777777778 0.018229166666666668 0.10925925925925926
1 0.60234375 0.6314814814814815 0.0171875 0.12222222222222222
1 0.3614583333333333 0.7157407407407408 0.016666666666666666 0.05555555555555555
1 0.4979166666666667 0.7231481481481481 0.019791666666666666 0.04259259259259259
1 0.45598958333333334 0.8356481481481481 0.015104166666666667 0.03611111111111111
