0 0.5010416666666667 0.6976851851851852 0.01875 0.030555555555555555
1 0.4822916666666667 0.17685185185185184 0.016666666666666666 0.10555555555555556
1 0.4625 0.25555555555555554 0.015625 0.1037037037037037
1 0.58359375 0.2601851851851852 0.016145833333333335 0.10925925925925926
1 0.3138020833333333 0.3300925925925926 0.0203125 0.06759259259259259
1 0.40859375 0.3314814814814815 0.0171875 0.06851851851851852
1 0.5057291666666667 0.33194444444444443 0.01875 0.06574074074074074
1 0.36744791666666665 0.4263888888888889 0.0203125 0.0824074074074074
1 0.4317708333333333 0.42592592592592593 0.019791666666666666 0.07777777777777778
1 0.4981770833333333 0.4263888888888889 0.019270833333333334 0.0824074074074074
1 0.5627604166666667 0.4263888888888889 0.019270833333333334 0.0787037037037037
1 0.6276041666666666 0.42685185185185187 0.014583333333333334 0.08148148148148149
1 0.2989583333333333 0.5300925925925926 0.016666666666666666 0.1175925925925926
1 0.36354166666666665 0.5273148148148148 0.01875 0.11944444444444445
1 0.4317708333333333 0.5314814814814814 0.01875 0.12407407407407407
1 0.50078125 0.5287037037037037 0.019270833333333334 0.12037037037037036
1 0.5653645833333333 0.5310185185185186 0.018229166666666668 0.125
1 0.6119791666666666 0.6337962962962963 0.017708333333333333 0.125
1 0.5075520833333333 0.6305555555555555 0.022395833333333334 0.12407407407407407
1 0.40234375 0.6287037037037037 0.019270833333333334 0.12037037037037036
1 0.45260416666666664 0.7175925925925926 0.011458333333333333 0.05185185185185185
1 0.58828125 0.7185185185185186 0.015104166666666667 0.05185185185185185
