1 0.48203125 0.17685185185185184 0.0171875 0.10740740740740741
1 0.4622395833333333 0.2587962962962963 0.0171875 0.10648148148148148
1 0.5830729166666667 0.25833333333333336 0.018229166666666668 0.11296296296296296
1 0.5057291666666667 0.33194444444444443 0.01875 0.06388888888888888
1 0.4088541666666667 0.33055555555555555 0.020833333333333332 0.06481481481481481
1 0.31354166666666666 0.33240740740740743 0.020833333333333332 0.06666666666666667
1 0.36822916666666666 0.4236111111111111 0.020833333333333332 0.07685185185185185
1 0.4328125 0.425 0.017708333333333333 0.07592592592592592
1 0.49713541666666666 0.42314814814814816 0.018229166666666668 0.06851851851851852
1 0.5619791666666667 0.42268518518518516 0.01875 0.0712962962962963
1 0.628125 0.42685185185185187 0.017708333333333333 0.07777777777777778
1 0.565625 0.5342592592592592 0.020833333333333332 0.12962962962962962
1 0.4984375 0.5203703703703704 0.020833333333333332 0.11481481481481481
1 0.43203125 0.5300925925925926 0.019270833333333334 0.11944444444444445
1 0.365625 0.5291666666666667 0.016666666666666666 0.1175925925925926
1 0.2981770833333333 0.5263888888888889 0.018229166666666668 0.11203703703703703
1 0.290625 0.6296296296296297 0.017708333333333333 0.11851851851851852
1 0.3966145833333333 0.6324074074074074 0.018229166666666668 0.11666666666666667
1 0.5020833333333333 0.6328703703703704 0.01875 0.11574074074074074
1 0.43411458333333336 0.7282407407407407 0.0203125 0.09351851851851851
1 0.5002604166666667 0.8324074074074074 0.024479166666666666 0.03518518518518519
1 0.5690104166666666 0.7282407407407407 0.016145833333333335 0.09537037037037037
