0 0.4953125 0.6995370370370371 0.021875 0.026851851851851852
1 0.4822916666666667 0.17777777777777778 0.015625 0.10740740740740741
1 0.4622395833333333 0.262037037037037 0.016145833333333335 0.10925925925925926
1 0.5822916666666667 0.2601851851851852 0.016666666666666666 0.11481481481481481
1 0.5065104166666666 0.33055555555555555 0.018229166666666668 0.05925925925925926
1 0.409375 0.33240740740740743 0.020833333333333332 0.07222222222222222
1 0.31276041666666665 0.33055555555555555 0.022395833333333334 0.06851851851851852
1 0.36744791666666665 0.42407407407407405 0.019270833333333334 0.07962962962962963
1 0.4317708333333333 0.4236111111111111 0.020833333333333332 0.075
1 0.4973958333333333 0.425 0.01875 0.08333333333333333
1 0.5643229166666667 0.42592592592592593 0.018229166666666668 0.08148148148148149
1 0.62890625 0.42685185185185187 0.015104166666666667 0.07407407407407407
1 0.2989583333333333 0.5310185185185186 0.016666666666666666 0.1175925925925926
1 0.3645833333333333 0.5287037037037037 0.01875 0.12037037037037036
1 0.43020833333333336 0.5277777777777778 0.019791666666666666 0.11851851851851852
1 0.49895833333333334 0.5282407407407408 0.017708333333333333 0.1175925925925926
1 0.5666666666666667 0.5314814814814814 0.01875 0.12222222222222222
1 0.3885416666666667 0.6287037037037037 0.020833333333333332 0.12222222222222222
1 0.49453125 0.6310185185185185 0.0203125 0.12129629629629629
1 0.5997395833333333 0.6342592592592593 0.022395833333333334 0.12037037037037036
1 0.4231770833333333 0.725925925925926 0.018229166666666668 0.07777777777777778
1 0.56015625 0.725925925925926 0.016145833333333335 0.07592592592592592
1 0.49973958333333335 0.8356481481481481 0.021354166666666667 0.03796296296296296
