0 0.5010416666666667 0.6962962962962963 0.021875 0.03518518518518519
1 0.48203125 0.17731481481481481 0.016145833333333335 0.10462962962962963
1 0.4627604166666667 0.25925925925925924 0.018229166666666668 0.10925925925925926
1 0.5828125 0.25972222222222224 0.015625 0.11018518518518519
1 0.50625 0.33101851851851855 0.016666666666666666 0.06759259259259259
1 0.4088541666666667 0.3333333333333333 0.019791666666666666 0.06851851851851852
1 0.3125 0.32916666666666666 0.020833333333333332 0.06759259259259259
1 0.3684895833333333 0.42453703703703705 0.0203125 0.08055555555555556
1 0.43307291666666664 0.42592592592592593 0.018229166666666668 0.07962962962962963
1 0.4984375 0.42592592592592593 0.01875 0.07962962962962963
1 0.5627604166666667 0.42685185185185187 0.019270833333333334 0.07962962962962963
1 0.6276041666666666 0.42685185185185187 0.015625 0.07962962962962963
1 0.2986979166666667 0.5277777777777778 0.018229166666666668 0.11851851851851852
1 0.3653645833333333 0.5300925925925926 0.0203125 0.1175925925925926
1 0.43255208333333334 0.5300925925925926 0.0171875 0.11574074074074074
1 0.49947916666666664 0.5300925925925926 0.01875 0.11944444444444445
1 0.5658854166666667 0.5305555555555556 0.018229166666666668 0.12037037037037036
1 0.4744791666666667 0.736574074074074 0.015625 0.12314814814814815
1 0.6114583333333333 0.7379629629629629 0.015625 0.12222222222222222
1 0.4671875 0.8361111111111111 0.01875 0.025925925925925925
