1 0.4822916666666667 0.17453703703703705 0.017708333333333333 0.10833333333333334
1 0.46380208333333334 0.2550925925925926 0.018229166666666668 0.10092592592592593
1 0.58203125 0.25787037037037036 0.019270833333333334 0.10648148148148148
1 0.5067708333333333 0.33101851851851855 0.017708333333333333 0.06388888888888888
1 0.40963541666666664 0.33055555555555555 0.0203125 0.06666666666666667
1 0.31223958333333335 0.33055555555555555 0.022395833333333334 0.06481481481481481
1 0.36796875 0.42592592592592593 0.018229166666666668 0.07592592592592592
1 0.4328125 0.42407407407407405 0.020833333333333332 0.08148148148148149
1 0.4981770833333333 0.425462962962963 0.018229166666666668 0.0787037037037037
1 0.5625 0.425462962962963 0.01875 0.0787037037037037
1 0.6278645833333333 0.42777777777777776 0.016145833333333335 0.08148148148148149
1 0.5658854166666667 0.5319444444444444 0.0171875 0.1175925925925926
1 0.49973958333333335 0.5305555555555556 0.019270833333333334 0.12037037037037036
1 0.4317708333333333 0.5282407407407408 0.016666666666666666 0.11574074074074074
1 0.2981770833333333 0.5277777777777778 0.016145833333333335 0.11851851851851852
1 0.365625 0.5291666666666667 0.015625 0.11944444444444445
1 0.28854166666666664 0.6152777777777778 0.021875 0.05092592592592592
1 0.39453125 0.6134259259259259 0.018229166666666668 0.06018518518518518
1 0.49947916666666664 0.6175925925925926 0.017708333333333333 0.05740740740740741
1 0.46145833333333336 0.7314814814814815 0.01875 0.10740740740740741
1 0.5973958333333333 0.7337962962962963 0.016666666666666666 0.10833333333333334
1 0.50234375 0.8324074074074074 0.0203125 0.037037037037037035
