1 0.4822916666666667 0.17685185185185184 0.017708333333333333 0.10925925925925926
1 0.46380208333333334 0.25833333333333336 0.019270833333333334 0.10925925925925926
1 0.58359375 0.2574074074074074 0.016145833333333335 0.1111111111111111
1 0.5065104166666666 0.33240740740740743 0.018229166666666668 0.06111111111111111
1 0.40911458333333334 0.33055555555555555 0.0203125 0.06666666666666667
1 0.3138020833333333 0.3300925925925926 0.022395833333333334 0.06944444444444445
1 0.3684895833333333 0.42083333333333334 0.021354166666666667 0.08055555555555556
1 0.43203125 0.4236111111111111 0.0203125 0.07314814814814814
1 0.4973958333333333 0.42453703703703705 0.016666666666666666 0.075
1 0.5630208333333333 0.4263888888888889 0.01875 0.075
1 0.628125 0.425462962962963 0.01875 0.075
1 0.29765625 0.5254629629629629 0.016145833333333335 0.12129629629629629
1 0.365625 0.5310185185185186 0.01875 0.1175925925925926
1 0.4317708333333333 0.5277777777777778 0.015625 0.11851851851851852
1 0.4986979166666667 0.5259259259259259 0.019270833333333334 0.10925925925925926
1 0.5666666666666667 0.5324074074074074 0.019791666666666666 0.12037037037037036
1 0.5002604166666667 0.6314814814814815 0.0171875 0.12407407407407407
1 0.3971354166666667 0.6314814814814815 0.019270833333333334 0.1259259259259259
1 0.2921875 0.6305555555555555 0.020833333333333332 0.11481481481481481
1 0.43203125 0.725462962962963 0.022395833333333334 0.09907407407407408
1 0.5684895833333333 0.7273148148148149 0.018229166666666668 0.09907407407407408
1 0.5015625 0.825925925925926 0.021875 0.044444444444444446
