1 0.45390625 0.5050925925925925 0.0109375 0.05648148148148148
1 0.44140625 0.5347222222222222 0.013020833333333334 0.06018518518518518
1 0.5208333333333334 0.5361111111111111 0.011458333333333333 0.05740740740740741
1 0.47317708333333336 0.5745370370370371 0.011979166666666667 0.05277777777777778
1 0.4075520833333333 0.5768518518518518 0.0140625 0.05555555555555555
1 0.34088541666666666 0.5763888888888888 0.015104166666666667 0.05648148148148148
1 0.37604166666666666 0.6166666666666667 0.014583333333333334 0.04259259259259259
1 0.4236979166666667 0.6157407407407407 0.016145833333333335 0.044444444444444446
1 0.46953125 0.6134259259259259 0.0109375 0.03796296296296296
1 0.5161458333333333 0.6125 0.014583333333333334 0.041666666666666664
1 0.5609375 0.6138888888888889 0.014583333333333334 0.044444444444444446
1 0.3221354166666667 0.6782407407407407 0.011979166666666667 0.0824074074074074
1 0.37265625 0.674074074074074 0.013020833333333334 0.07962962962962963
1 0.4236979166666667 0.674537037037037 0.015104166666666667 0.08611111111111111
1 0.47369791666666666 0.6717592592592593 0.0140625 0.07685185185185185
1 0.5229166666666667 0.6708333333333333 0.015625 0.08425925925925926
1 0.38645833333333335 0.7277777777777777 0.015625 0.06111111111111111
1 0.46822916666666664 0.7236111111111111 0.013541666666666667 0.06388888888888888
1 0.5526041666666667 0.7189814814814814 0.01875 0.058333333333333334
1 0.5338541666666666 0.7972222222222223 0.015625 0.0962962962962963
1 0.4197916666666667 0.799074074074074 0.016666666666666666 0.08333333333333333
1 0.48515625 0.8712962962962963 0.019270833333333334 0.05740740740740741
