1 0.45234375 0.5037037037037037 0.0109375 0.05185185185185185
1 0.44140625 0.5370370370370371 0.0109375 0.05925925925925926
1 0.5192708333333333 0.5347222222222222 0.010416666666666666 0.058333333333333334
1 0.34010416666666665 0.5824074074074074 0.0125 0.05740740740740741
1 0.40729166666666666 0.5796296296296296 0.014583333333333334 0.05740740740740741
1 0.47369791666666666 0.5745370370370371 0.011979166666666667 0.05648148148148148
1 0.375 0.6185185185185185 0.011458333333333333 0.03333333333333333
1 0.42109375 0.6162037037037037 0.013020833333333334 0.03425925925925926
1 0.46822916666666664 0.6152777777777778 0.013541666666666667 0.032407407407407406
1 0.5143229166666666 0.6138888888888889 0.015104166666666667 0.037037037037037035
1 0.5598958333333334 0.6129629629629629 0.014583333333333334 0.027777777777777776
1 0.521875 0.6736111111111112 0.014583333333333334 0.08055555555555556
1 0.47239583333333335 0.6666666666666666 0.013541666666666667 0.06481481481481481
1 0.42213541666666665 0.6759259259259259 0.0140625 0.08148148148148149
1 0.37083333333333335 0.6791666666666667 0.014583333333333334 0.0824074074074074
1 0.31953125 0.6851851851851852 0.0171875 0.08888888888888889
1 0.384375 0.7277777777777777 0.016666666666666666 0.05740740740740741
1 0.46848958333333335 0.725462962962963 0.015104166666666667 0.058333333333333334
1 0.55078125 0.7212962962962963 0.019270833333333334 0.06111111111111111
1 0.41953125 0.799074074074074 0.016145833333333335 0.08148148148148149
1 0.5333333333333333 0.799074074074074 0.017708333333333333 0.09814814814814815
1 0.4822916666666667 0.8708333333333333 0.021875 0.058333333333333334
