0 0.45625 0.6939814814814815 0.014583333333333334 0.028703703703703703
1 0.453125 0.5078703703703704 0.010416666666666666 0.05462962962962963
1 0.4421875 0.5416666666666666 0.011458333333333333 0.05925925925925926
1 0.51953125 0.5388888888888889 0.011979166666666667 0.05740740740740741
1 0.553125 0.5777777777777777 0.011458333333333333 0.053703703703703705
1 0.48723958333333334 0.5819444444444445 0.013020833333333334 0.06018518518518518
1 0.42239583333333336 0.5782407407407407 0.013541666666666667 0.05092592592592592
1 0.375 0.6222222222222222 0.013541666666666667 0.03148148148148148
1 0.42161458333333335 0.6189814814814815 0.013020833333333334 0.028703703703703703
1 0.46875 0.6199074074074075 0.014583333333333334 0.030555555555555555
1 0.515625 0.6185185185185185 0.016666666666666666 0.02962962962962963
1 0.5604166666666667 0.6180555555555556 0.013541666666666667 0.03611111111111111
1 0.3419270833333333 0.6810185185185185 0.011979166666666667 0.07685185185185185
1 0.3919270833333333 0.675 0.009895833333333333 0.06296296296296296
1 0.44244791666666666 0.6763888888888889 0.011979166666666667 0.0712962962962963
1 0.49453125 0.6763888888888889 0.011979166666666667 0.075
1 0.5419270833333333 0.6712962962962963 0.0140625 0.06296296296296296
1 0.38567708333333334 0.7324074074074074 0.018229166666666668 0.05740740740740741
1 0.46927083333333336 0.7300925925925926 0.015625 0.062037037037037036
1 0.5520833333333334 0.7287037037037037 0.021875 0.06111111111111111
1 0.4203125 0.8046296296296296 0.015625 0.08333333333333333
1 0.53359375 0.8050925925925926 0.0140625 0.08981481481481482
1 0.48411458333333335 0.8773148148148148 0.018229166666666668 0.058333333333333334
