1 0.45390625 0.5120370370370371 0.011979166666666667 0.053703703703703705
1 0.43671875 0.5444444444444444 0.0109375 0.06111111111111111
1 0.51484375 0.5425925925925926 0.0109375 0.05740740740740741
1 0.4869791666666667 0.5842592592592593 0.011458333333333333 0.06111111111111111
1 0.5528645833333333 0.5819444444444445 0.0109375 0.06018518518518518
1 0.42213541666666665 0.5833333333333334 0.0140625 0.05740740740740741
1 0.375 0.6268518518518519 0.013541666666666667 0.03518518518518519
1 0.42109375 0.625462962962963 0.015104166666666667 0.030555555555555555
1 0.4674479166666667 0.6231481481481481 0.015104166666666667 0.03148148148148148
1 0.5143229166666666 0.6208333333333333 0.015104166666666667 0.032407407407407406
1 0.5591145833333333 0.6208333333333333 0.0140625 0.03611111111111111
1 0.321875 0.6893518518518519 0.014583333333333334 0.08425925925925926
1 0.3723958333333333 0.6810185185185185 0.011458333333333333 0.08055555555555556
1 0.4231770833333333 0.6833333333333333 0.013020833333333334 0.08148148148148149
1 0.47369791666666666 0.6791666666666667 0.013020833333333334 0.07314814814814814
1 0.521875 0.6796296296296296 0.013541666666666667 0.07592592592592592
1 0.5510416666666667 0.7328703703703704 0.01875 0.06018518518518518
1 0.46770833333333334 0.7328703703703704 0.017708333333333333 0.058333333333333334
1 0.38515625 0.737037037037037 0.018229166666666668 0.06111111111111111
1 0.3921875 0.8060185185185185 0.015625 0.08425925925925926
1 0.5080729166666667 0.8148148148148148 0.019270833333333334 0.10740740740740741
1 0.4752604166666667 0.8824074074074074 0.019270833333333334 0.053703703703703705
