1 0.45364583333333336 0.5152777777777777 0.011458333333333333 0.05462962962962963
1 0.4359375 0.549537037037037 0.010416666666666666 0.058333333333333334
1 0.5145833333333333 0.549537037037037 0.011458333333333333 0.05648148148148148
1 0.4864583333333333 0.5916666666666667 0.0125 0.06111111111111111
1 0.42083333333333334 0.587037037037037 0.013541666666666667 0.05
1 0.5515625 0.5875 0.010416666666666666 0.05648148148148148
1 0.3736979166666667 0.6333333333333333 0.0140625 0.06111111111111111
1 0.42109375 0.6319444444444444 0.016145833333333335 0.06018518518518518
1 0.46536458333333336 0.6328703703703704 0.011979166666666667 0.07314814814814814
1 0.51328125 0.6342592592592593 0.0109375 0.07222222222222222
1 0.55859375 0.6342592592592593 0.0140625 0.07037037037037037
1 0.5223958333333333 0.687037037037037 0.016666666666666666 0.08518518518518518
1 0.47291666666666665 0.6893518518518519 0.014583333333333334 0.08425925925925926
1 0.4234375 0.6898148148148148 0.0125 0.08703703703703704
1 0.37213541666666666 0.6921296296296297 0.013020833333333334 0.08425925925925926
1 0.32109375 0.6925925925925925 0.009895833333333333 0.08888888888888889
1 0.4119791666666667 0.7509259259259259 0.0125 0.09074074074074075
1 0.49453125 0.749537037037037 0.015104166666666667 0.09166666666666666
1 0.57578125 0.7476851851851852 0.018229166666666668 0.08981481481481482
1 0.3184895833333333 0.8277777777777777 0.015104166666666667 0.10185185185185185
1 0.43359375 0.8106481481481481 0.013020833333333334 0.08425925925925926
1 0.44895833333333335 0.8935185185185185 0.01875 0.05
