1 0.45338541666666665 0.5217592592592593 0.0109375 0.05092592592592592
1 0.4348958333333333 0.5555555555555556 0.009375 0.05555555555555555
1 0.5145833333333333 0.5537037037037037 0.010416666666666666 0.053703703703703705
1 0.48671875 0.5939814814814814 0.013020833333333334 0.058333333333333334
1 0.42109375 0.5949074074074074 0.013020833333333334 0.058333333333333334
1 0.5513020833333333 0.5828703703703704 0.009895833333333333 0.03796296296296296
1 0.3653645833333333 0.6398148148148148 0.008854166666666666 0.06851851851851852
1 0.32786458333333335 0.700462962962963 0.0109375 0.08055555555555556
1 0.37916666666666665 0.6953703703703704 0.009375 0.08333333333333333
1 0.42890625 0.6944444444444444 0.009895833333333333 0.07777777777777778
1 0.4791666666666667 0.6925925925925925 0.011458333333333333 0.08148148148148149
1 0.5286458333333334 0.6893518518518519 0.015625 0.07685185185185185
1 0.5510416666666667 0.6402777777777777 0.0125 0.06759259259259259
1 0.5760416666666667 0.750462962962963 0.017708333333333333 0.08981481481481482
1 0.4934895833333333 0.7532407407407408 0.016145833333333335 0.09537037037037037
1 0.41067708333333336 0.7546296296296297 0.015104166666666667 0.09444444444444444
1 0.4671875 0.8152777777777778 0.016666666666666666 0.09537037037037037
1 0.35104166666666664 0.8287037037037037 0.016666666666666666 0.10555555555555556
1 0.48203125 0.8916666666666667 0.019270833333333334 0.05740740740740741
