0 0.5140625 0.5898148148148148 0.013541666666666667 0.03148148148148148
1 0.49166666666666664 0.17453703703703705 0.017708333333333333 0.10648148148148148
1 0.465625 0.25833333333333336 0.01875 0.10555555555555556
1 0.5859375 0.25925925925925924 0.016666666666666666 0.10925925925925926
1 0.628125 0.33240740740740743 0.0125 0.06851851851851852
1 0.53046875 0.33240740740740743 0.018229166666666668 0.07222222222222222
1 0.43385416666666665 0.3333333333333333 0.017708333333333333 0.06481481481481481
1 0.3338541666666667 0.4300925925925926 0.01875 0.09907407407407408
1 0.3966145833333333 0.4273148148148148 0.0203125 0.09537037037037037
1 0.5307291666666667 0.4310185185185185 0.017708333333333333 0.09351851851851851
1 0.5924479166666666 0.4337962962962963 0.0171875 0.09166666666666666
1 0.3020833333333333 0.5277777777777778 0.01875 0.11481481481481481
1 0.37005208333333334 0.5291666666666667 0.016145833333333335 0.11574074074074074
1 0.43671875 0.5305555555555556 0.018229166666666668 0.11666666666666667
1 0.5046875 0.5300925925925926 0.019791666666666666 0.11018518518518519
1 0.5708333333333333 0.5310185185185186 0.01875 0.11574074074074074
1 0.42135416666666664 0.6310185185185185 0.017708333333333333 0.12129629629629629
1 0.5270833333333333 0.6319444444444444 0.01875 0.12129629629629629
1 0.6309895833333333 0.6310185185185185 0.0171875 0.12129629629629629
1 0.4947916666666667 0.7342592592592593 0.020833333333333332 0.11481481481481481
1 0.359375 0.7300925925925926 0.020833333333333332 0.11018518518518519
1 0.5015625 0.8300925925925926 0.021875 0.05277777777777778
