0 0.5799479166666667 0.5680555555555555 0.0234375 0.041666666666666664
1 0.496875 0.17685185185185184 0.016666666666666666 0.1037037037037037
1 0.47578125 0.25601851851851853 0.015104166666666667 0.09166666666666666
1 0.5953125 0.2537037037037037 0.015625 0.08888888888888889
1 0.43307291666666664 0.33287037037037037 0.018229166666666668 0.062037037037037036
1 0.5307291666666667 0.33287037037037037 0.017708333333333333 0.06944444444444445
1 0.62734375 0.33194444444444443 0.015104166666666667 0.06759259259259259
1 0.6067708333333334 0.4324074074074074 0.014583333333333334 0.09814814814814815
1 0.54296875 0.42962962962962964 0.015104166666666667 0.09814814814814815
1 0.4791666666666667 0.4300925925925926 0.015625 0.09722222222222222
1 0.41171875 0.42777777777777776 0.018229166666666668 0.1
1 0.34765625 0.425462962962963 0.0203125 0.09537037037037037
1 0.3533854166666667 0.524537037037037 0.018229166666666668 0.09537037037037037
1 0.4205729166666667 0.5254629629629629 0.0171875 0.08981481481481482
1 0.48776041666666664 0.5263888888888889 0.015104166666666667 0.09166666666666666
1 0.5544270833333333 0.5254629629629629 0.0171875 0.09722222222222222
1 0.62109375 0.524537037037037 0.015104166666666667 0.09166666666666666
1 0.4203125 0.6282407407407408 0.016666666666666666 0.11574074074074074
1 0.52578125 0.6291666666666667 0.0171875 0.1175925925925926
1 0.63203125 0.6314814814814815 0.0171875 0.11851851851851852
1 0.4953125 0.7342592592592593 0.017708333333333333 0.1111111111111111
1 0.3580729166666667 0.7324074074074074 0.018229166666666668 0.11481481481481481
1 0.5020833333333333 0.8291666666666667 0.019791666666666666 0.05648148148148148
