1 0.51484375 0.175 0.0140625 0.1
1 0.5059895833333333 0.24814814814814815 0.015104166666666667 0.06481481481481481
1 0.6260416666666667 0.24861111111111112 0.014583333333333334 0.062037037037037036
1 0.565625 0.32916666666666666 0.014583333333333334 0.05277777777777778
1 0.46875 0.32916666666666666 0.01875 0.058333333333333334
1 0.37161458333333336 0.32685185185185184 0.018229166666666668 0.05185185185185185
1 0.30625 0.4300925925925926 0.014583333333333334 0.09907407407407408
1 0.37083333333333335 0.42962962962962964 0.01875 0.10185185185185185
1 0.4359375 0.43194444444444446 0.016666666666666666 0.09722222222222222
1 0.50234375 0.4310185185185185 0.0171875 0.09722222222222222
1 0.5674479166666667 0.42916666666666664 0.0171875 0.10462962962962963
1 0.33489583333333334 0.5263888888888889 0.017708333333333333 0.10277777777777777
1 0.4010416666666667 0.524537037037037 0.017708333333333333 0.10092592592592593
1 0.46875 0.5273148148148148 0.017708333333333333 0.10277777777777777
1 0.5369791666666667 0.5291666666666667 0.017708333333333333 0.10462962962962963
1 0.6028645833333334 0.5291666666666667 0.016145833333333335 0.10277777777777777
1 0.40703125 0.6324074074074074 0.024479166666666666 0.10925925925925926
1 0.5122395833333333 0.6291666666666667 0.024479166666666666 0.10833333333333334
1 0.61640625 0.6337962962962963 0.0234375 0.11203703703703703
1 0.49583333333333335 0.7337962962962963 0.017708333333333333 0.11388888888888889
1 0.35833333333333334 0.7319444444444444 0.019791666666666666 0.11388888888888889
1 0.5026041666666666 0.8287037037037037 0.021875 0.05740740740740741
