1 0.45598958333333334 0.17546296296296296 0.015104166666666667 0.10462962962962963
1 0.4036458333333333 0.2574074074074074 0.019791666666666666 0.10555555555555556
1 0.5234375 0.2523148148148148 0.019791666666666666 0.09166666666666666
1 0.43333333333333335 0.33425925925925926 0.017708333333333333 0.06296296296296296
1 0.53046875 0.3333333333333333 0.0171875 0.06851851851851852
1 0.6278645833333333 0.3337962962962963 0.016145833333333335 0.06759259259259259
1 0.5997395833333333 0.4300925925925926 0.0171875 0.09166666666666666
1 0.5338541666666666 0.4300925925925926 0.017708333333333333 0.09351851851851851
1 0.46875 0.4287037037037037 0.015625 0.08703703703703704
1 0.403125 0.42916666666666664 0.01875 0.09166666666666666
1 0.33880208333333334 0.42777777777777776 0.0203125 0.09444444444444444
1 0.4041666666666667 0.5273148148148148 0.017708333333333333 0.10092592592592593
1 0.3385416666666667 0.5263888888888889 0.016666666666666666 0.10277777777777777
1 0.47265625 0.5277777777777778 0.018229166666666668 0.1037037037037037
1 0.53984375 0.5273148148148148 0.018229166666666668 0.10277777777777777
1 0.60703125 0.5282407407407408 0.018229166666666668 0.10648148148148148
1 0.31744791666666666 0.625462962962963 0.0171875 0.10277777777777777
1 0.42213541666666665 0.625462962962963 0.018229166666666668 0.10462962962962963
1 0.5270833333333333 0.6273148148148148 0.016666666666666666 0.10277777777777777
1 0.4981770833333333 0.7231481481481481 0.019270833333333334 0.07037037037037037
1 0.3611979166666667 0.7208333333333333 0.0203125 0.0712962962962963
1 0.4317708333333333 0.8291666666666667 0.01875 0.08055555555555556
