0 0.5239583333333333 0.7972222222222223 0.023958333333333335 0.03888888888888889
1 0.47734375 0.17546296296296296 0.015104166666666667 0.10833333333333334
1 0.44427083333333334 0.2513888888888889 0.016666666666666666 0.07314814814814814
1 0.5638020833333334 0.25046296296296294 0.0171875 0.0712962962962963
1 0.6278645833333333 0.3337962962962963 0.015104166666666667 0.06944444444444445
1 0.5309895833333333 0.33240740740740743 0.018229166666666668 0.07037037037037037
1 0.43359375 0.3333333333333333 0.019270833333333334 0.06666666666666667
1 0.34036458333333336 0.4300925925925926 0.018229166666666668 0.10277777777777777
1 0.4049479166666667 0.42962962962962964 0.018229166666666668 0.1
1 0.4705729166666667 0.42777777777777776 0.0171875 0.09814814814814815
1 0.53671875 0.42962962962962964 0.018229166666666668 0.09814814814814815
1 0.6010416666666667 0.4305555555555556 0.017708333333333333 0.09814814814814815
1 0.3385416666666667 0.5273148148148148 0.016666666666666666 0.10462962962962963
1 0.40520833333333334 0.5277777777777778 0.01875 0.10740740740740741
1 0.4734375 0.5277777777777778 0.01875 0.10925925925925926
1 0.540625 0.5287037037037037 0.017708333333333333 0.10925925925925926
1 0.6072916666666667 0.5300925925925926 0.017708333333333333 0.11203703703703703
1 0.5791666666666667 0.6222222222222222 0.015625 0.07777777777777778
1 0.4752604166666667 0.6226851851851852 0.019270833333333334 0.07685185185185185
1 0.3697916666666667 0.6189814814814815 0.01875 0.07685185185185185
1 0.3963541666666667 0.7287037037037037 0.017708333333333333 0.09444444444444444
1 0.53359375 0.7310185185185185 0.0171875 0.08981481481481482
1 0.4471354166666667 0.8305555555555556 0.018229166666666668 0.07777777777777778
