0 0.3171875 0.7662037037037037 0.021875 0.03611111111111111
1 0.48932291666666666 0.175 0.016145833333333335 0.10555555555555556
1 0.44427083333333334 0.24861111111111112 0.016666666666666666 0.06574074074074074
1 0.5643229166666667 0.24814814814814815 0.016145833333333335 0.06481481481481481
1 0.3138020833333333 0.33240740740740743 0.018229166666666668 0.07037037037037037
1 0.41015625 0.33287037037037037 0.018229166666666668 0.0712962962962963
1 0.50703125 0.33287037037037037 0.016145833333333335 0.06759259259259259
1 0.3182291666666667 0.4300925925925926 0.017708333333333333 0.09722222222222222
1 0.3828125 0.42962962962962964 0.01875 0.09814814814814815
1 0.44765625 0.4305555555555556 0.0171875 0.1
1 0.5135416666666667 0.4310185185185185 0.016666666666666666 0.09722222222222222
1 0.5791666666666667 0.4310185185185185 0.016666666666666666 0.09722222222222222
1 0.5684895833333333 0.5296296296296297 0.015104166666666667 0.10555555555555556
1 0.5015625 0.5268518518518519 0.015625 0.10555555555555556
1 0.4354166666666667 0.5277777777777778 0.016666666666666666 0.1037037037037037
1 0.36692708333333335 0.5268518518518519 0.016145833333333335 0.1037037037037037
1 0.30078125 0.5277777777777778 0.015104166666666667 0.10555555555555556
1 0.290625 0.6240740740740741 0.019791666666666666 0.09814814814814815
1 0.3958333333333333 0.6236111111111111 0.01875 0.09722222222222222
1 0.5013020833333334 0.625462962962963 0.0203125 0.10277777777777777
1 0.2981770833333333 0.7152777777777778 0.022395833333333334 0.06388888888888888
1 0.4375 0.7180555555555556 0.017708333333333333 0.06018518518518518
1 0.4471354166666667 0.8291666666666667 0.0203125 0.0787037037037037
