0 0.30807291666666664 0.7759259259259259 0.0171875 0.03888888888888889
1 0.4671875 0.17546296296296296 0.015625 0.10462962962962963
1 0.44895833333333335 0.24953703703703703 0.016666666666666666 0.06574074074074074
1 0.5684895833333333 0.24953703703703703 0.0140625 0.06759259259259259
1 0.31328125 0.3300925925925926 0.0203125 0.06388888888888888
1 0.409375 0.33194444444444443 0.016666666666666666 0.06759259259259259
1 0.5067708333333333 0.33287037037037037 0.017708333333333333 0.06574074074074074
1 0.32317708333333334 0.4337962962962963 0.0171875 0.11018518518518519
1 0.3888020833333333 0.43425925925925923 0.0171875 0.1111111111111111
1 0.4552083333333333 0.43194444444444446 0.016666666666666666 0.11203703703703703
1 0.5205729166666667 0.4356481481481482 0.016145833333333335 0.11388888888888889
1 0.5856770833333333 0.4337962962962963 0.016145833333333335 0.11203703703703703
1 0.2989583333333333 0.5263888888888889 0.015625 0.10277777777777777
1 0.3653645833333333 0.5268518518518519 0.016145833333333335 0.1037037037037037
1 0.43307291666666664 0.525 0.016145833333333335 0.1
1 0.5002604166666667 0.5268518518518519 0.016145833333333335 0.1037037037037037
1 0.5671875 0.5282407407407408 0.01875 0.10462962962962963
1 0.3307291666666667 0.6291666666666667 0.016666666666666666 0.1175925925925926
1 0.4361979166666667 0.6282407407407408 0.021354166666666667 0.12129629629629629
1 0.5440104166666667 0.6314814814814815 0.0171875 0.11666666666666667
1 0.4244791666666667 0.725462962962963 0.01875 0.06759259259259259
1 0.28854166666666664 0.7185185185185186 0.021875 0.07037037037037037
1 0.4466145833333333 0.8310185185185185 0.018229166666666668 0.0787037037037037
