0 0.30911458333333336 0.7819444444444444 0.021354166666666667 0.03981481481481482
1 0.4625 0.175 0.015625 0.10185185185185185
1 0.44505208333333335 0.24953703703703703 0.016145833333333335 0.06759259259259259
1 0.5643229166666667 0.24953703703703703 0.015104166666666667 0.06944444444444445
1 0.31354166666666666 0.33240740740740743 0.019791666666666666 0.06666666666666667
1 0.41015625 0.33287037037037037 0.018229166666666668 0.0712962962962963
1 0.5059895833333333 0.33287037037037037 0.019270833333333334 0.06574074074074074
1 0.35052083333333334 0.42592592592592593 0.01875 0.08333333333333333
1 0.4158854166666667 0.425 0.018229166666666668 0.08333333333333333
1 0.48151041666666666 0.42453703703703705 0.016145833333333335 0.08611111111111111
1 0.54609375 0.4263888888888889 0.0171875 0.09166666666666666
1 0.6130208333333333 0.4273148148148148 0.017708333333333333 0.09166666666666666
1 0.5658854166666667 0.5259259259259259 0.019270833333333334 0.10740740740740741
1 0.5002604166666667 0.5259259259259259 0.0171875 0.10555555555555556
1 0.43307291666666664 0.5277777777777778 0.0171875 0.10185185185185185
1 0.3658854166666667 0.5254629629629629 0.019270833333333334 0.10648148148148148
1 0.2986979166666667 0.5263888888888889 0.0171875 0.10648148148148148
1 0.3578125 0.624537037037037 0.01875 0.09722222222222222
1 0.4627604166666667 0.6240740740740741 0.0140625 0.09074074074074075
1 0.5692708333333333 0.6263888888888889 0.017708333333333333 0.09907407407407408
1 0.4270833333333333 0.7310185185185185 0.020833333333333332 0.09907407407407408
1 0.29140625 0.7287037037037037 0.0203125 0.0962962962962963
1 0.4466145833333333 0.8319444444444445 0.019270833333333334 0.0824074074074074
