0 0.3104166666666667 0.7847222222222222 0.020833333333333332 0.03981481481481482
1 0.47161458333333334 0.17592592592592593 0.015104166666666667 0.1037037037037037
1 0.45 0.24953703703703703 0.015625 0.06759259259259259
1 0.5692708333333333 0.2490740740740741 0.014583333333333334 0.06666666666666667
1 0.5065104166666666 0.33194444444444443 0.018229166666666668 0.06759259259259259
1 0.40963541666666664 0.33194444444444443 0.019270833333333334 0.06574074074074074
1 0.31276041666666665 0.33287037037037037 0.0203125 0.06574074074074074
1 0.3223958333333333 0.4273148148148148 0.01875 0.08425925925925926
1 0.38671875 0.4263888888888889 0.018229166666666668 0.08425925925925926
1 0.4513020833333333 0.42777777777777776 0.016145833333333335 0.08333333333333333
1 0.51640625 0.42777777777777776 0.015104166666666667 0.08148148148148149
1 0.5825520833333333 0.42824074074074076 0.015104166666666667 0.08611111111111111
1 0.3 0.5259259259259259 0.015625 0.10185185185185185
1 0.3645833333333333 0.525 0.015625 0.1037037037037037
1 0.4328125 0.5254629629629629 0.017708333333333333 0.10277777777777777
1 0.5 0.5273148148148148 0.017708333333333333 0.10277777777777777
1 0.5671875 0.5273148148148148 0.016666666666666666 0.10092592592592593
1 0.53046875 0.6217592592592592 0.015104166666666667 0.0824074074074074
1 0.42604166666666665 0.6217592592592592 0.01875 0.0824074074074074
1 0.32057291666666665 0.6194444444444445 0.018229166666666668 0.08148148148148149
1 0.28958333333333336 0.7333333333333333 0.01875 0.11296296296296296
1 0.4265625 0.7333333333333333 0.017708333333333333 0.11296296296296296
1 0.40651041666666665 0.8314814814814815 0.019270833333333334 0.07962962962962963
