0 0.3104166666666667 0.7842592592592592 0.020833333333333332 0.03888888888888889
1 0.4713541666666667 0.1763888888888889 0.015625 0.10462962962962963
1 0.44973958333333336 0.25046296296296294 0.0171875 0.06944444444444445
1 0.5697916666666667 0.25 0.015625 0.07407407407407407
1 0.5065104166666666 0.33055555555555555 0.016145833333333335 0.07037037037037037
1 0.41067708333333336 0.3337962962962963 0.019270833333333334 0.06944444444444445
1 0.3138020833333333 0.33101851851851855 0.019270833333333334 0.06574074074074074
1 0.3268229166666667 0.4300925925925926 0.018229166666666668 0.09907407407407408
1 0.3919270833333333 0.4310185185185185 0.018229166666666668 0.09907407407407408
1 0.45677083333333335 0.4287037037037037 0.016666666666666666 0.0962962962962963
1 0.5223958333333333 0.4310185185185185 0.016666666666666666 0.09907407407407408
1 0.5877604166666667 0.4324074074074074 0.018229166666666668 0.10185185185185185
1 0.29921875 0.5259259259259259 0.0171875 0.1037037037037037
1 0.3653645833333333 0.524537037037037 0.019270833333333334 0.10277777777777777
1 0.4328125 0.5268518518518519 0.017708333333333333 0.10185185185185185
1 0.49921875 0.5268518518518519 0.016145833333333335 0.10185185185185185
1 0.5669270833333333 0.5282407407407408 0.0171875 0.10462962962962963
1 0.6145833333333334 0.6300925925925925 0.015625 0.10833333333333334
1 0.5106770833333333 0.6259259259259259 0.0171875 0.10740740740740741
1 0.4049479166666667 0.6282407407407408 0.018229166666666668 0.10648148148148148
1 0.2903645833333333 0.7324074074074074 0.019270833333333334 0.11481481481481481
1 0.4265625 0.7361111111111112 0.01875 0.11851851851851852
1 0.40651041666666665 0.8337962962962963 0.022395833333333334 0.07685185185185185
