0 0.3106770833333333 0.7851851851851852 0.0203125 0.04259259259259259
1 0.47213541666666664 0.17546296296296296 0.0171875 0.10462962962962963
1 0.44973958333333336 0.2490740740740741 0.016145833333333335 0.06851851851851852
1 0.5692708333333333 0.25 0.014583333333333334 0.06666666666666667
1 0.5065104166666666 0.33240740740740743 0.0171875 0.06851851851851852
1 0.41041666666666665 0.3314814814814815 0.017708333333333333 0.07037037037037037
1 0.31328125 0.33194444444444443 0.019270833333333334 0.06944444444444445
1 0.3419270833333333 0.42592592592592593 0.019270833333333334 0.08148148148148149
1 0.40729166666666666 0.42777777777777776 0.019791666666666666 0.08333333333333333
1 0.47213541666666664 0.42962962962962964 0.016145833333333335 0.08148148148148149
1 0.5385416666666667 0.4273148148148148 0.016666666666666666 0.08981481481481482
1 0.6028645833333334 0.42777777777777776 0.015104166666666667 0.07962962962962963
1 0.29921875 0.5259259259259259 0.0171875 0.10555555555555556
1 0.3653645833333333 0.5259259259259259 0.0171875 0.1037037037037037
1 0.43307291666666664 0.5268518518518519 0.0171875 0.1037037037037037
1 0.5005208333333333 0.5277777777777778 0.016666666666666666 0.1037037037037037
1 0.5666666666666667 0.5282407407407408 0.016666666666666666 0.10277777777777777
1 0.2903645833333333 0.7328703703703704 0.0203125 0.1175925925925926
1 0.42604166666666665 0.7342592592592593 0.01875 0.11666666666666667
1 0.4166666666666667 0.8314814814814815 0.020833333333333332 0.06851851851851852
