0 0.3776041666666667 0.8087962962962963 0.01875 0.032407407407407406
1 0.48671875 0.17546296296296296 0.016145833333333335 0.10462962962962963
1 0.4544270833333333 0.2513888888888889 0.016145833333333335 0.0787037037037037
1 0.5739583333333333 0.25092592592592594 0.016666666666666666 0.07962962962962963
1 0.5067708333333333 0.32916666666666666 0.019791666666666666 0.05462962962962963
1 0.40911458333333334 0.3282407407407407 0.019270833333333334 0.05462962962962963
1 0.31276041666666665 0.32592592592592595 0.0203125 0.05
1 0.3375 0.4212962962962963 0.01875 0.05925925925925926
1 0.4015625 0.4217592592592593 0.01875 0.058333333333333334
1 0.46770833333333334 0.4222222222222222 0.016666666666666666 0.053703703703703705
1 0.53359375 0.4222222222222222 0.018229166666666668 0.05555555555555555
1 0.5981770833333333 0.42407407407407405 0.015104166666666667 0.05555555555555555
1 0.2986979166666667 0.5254629629629629 0.019270833333333334 0.10462962962962963
1 0.36484375 0.524537037037037 0.018229166666666668 0.10277777777777777
1 0.43203125 0.5259259259259259 0.018229166666666668 0.10555555555555556
1 0.49895833333333334 0.5268518518518519 0.01875 0.10555555555555556
1 0.5661458333333333 0.5273148148148148 0.017708333333333333 0.10648148148148148
1 0.2911458333333333 0.6236111111111111 0.017708333333333333 0.09351851851851851
1 0.3958333333333333 0.6240740740740741 0.01875 0.09259259259259259
1 0.5002604166666667 0.6273148148148148 0.018229166666666668 0.09351851851851851
1 0.40598958333333335 0.8324074074074074 0.0203125 0.07777777777777778
1 0.3653645833333333 0.7245370370370371 0.018229166666666668 0.09537037037037037
1 0.5036458333333333 0.7277777777777777 0.01875 0.0962962962962963
