0 0.27786458333333336 0.7736111111111111 0.022395833333333334 0.03796296296296296
1 0.4713541666666667 0.1736111111111111 0.017708333333333333 0.10277777777777777
1 0.4440104166666667 0.25092592592592594 0.019270833333333334 0.07592592592592592
1 0.5630208333333333 0.2513888888888889 0.015625 0.075
1 0.5072916666666667 0.33194444444444443 0.015625 0.058333333333333334
1 0.41015625 0.33101851851851855 0.018229166666666668 0.06574074074074074
1 0.31302083333333336 0.33101851851851855 0.01875 0.06018518518518518
1 0.3375 0.4236111111111111 0.01875 0.062037037037037036
1 0.40286458333333336 0.42314814814814816 0.018229166666666668 0.05925925925925926
1 0.46822916666666664 0.42407407407407405 0.017708333333333333 0.06296296296296296
1 0.5328125 0.42407407407407405 0.016666666666666666 0.06111111111111111
1 0.5984375 0.425 0.017708333333333333 0.06111111111111111
1 0.2994791666666667 0.5273148148148148 0.015625 0.10462962962962963
1 0.3651041666666667 0.5259259259259259 0.017708333333333333 0.1037037037037037
1 0.43255208333333334 0.525 0.0171875 0.10185185185185185
1 0.49947916666666664 0.5263888888888889 0.016666666666666666 0.10277777777777777
1 0.5671875 0.5277777777777778 0.019791666666666666 0.1037037037037037
1 0.5505208333333333 0.6212962962962963 0.016666666666666666 0.07777777777777778
1 0.446875 0.6231481481481481 0.017708333333333333 0.08333333333333333
1 0.34088541666666666 0.6194444444444445 0.018229166666666668 0.08333333333333333
1 0.28619791666666666 0.7222222222222222 0.0203125 0.08148148148148149
1 0.42265625 0.7240740740740741 0.0203125 0.07962962962962963
1 0.40625 0.8300925925925926 0.019791666666666666 0.08055555555555556
