0 0.31354166666666666 0.7800925925925926 0.021875 0.03796296296296296
1 0.47239583333333335 0.17453703703703705 0.015625 0.10277777777777777
1 0.4432291666666667 0.25 0.017708333333333333 0.07407407407407407
1 0.5625 0.2513888888888889 0.016666666666666666 0.07314814814814814
1 0.5067708333333333 0.33055555555555555 0.015625 0.06111111111111111
1 0.41067708333333336 0.33055555555555555 0.019270833333333334 0.06481481481481481
1 0.3140625 0.3314814814814815 0.020833333333333332 0.06296296296296296
1 0.3125 0.4222222222222222 0.019791666666666666 0.05740740740740741
1 0.375 0.4222222222222222 0.01875 0.05925925925925926
1 0.44114583333333335 0.4236111111111111 0.017708333333333333 0.06018518518518518
1 0.5059895833333333 0.42268518518518516 0.015104166666666667 0.058333333333333334
1 0.5708333333333333 0.42407407407407405 0.016666666666666666 0.05925925925925926
1 0.5674479166666667 0.5277777777777778 0.016145833333333335 0.10555555555555556
1 0.5 0.5277777777777778 0.016666666666666666 0.1037037037037037
1 0.43333333333333335 0.5259259259259259 0.015625 0.10185185185185185
1 0.3651041666666667 0.5263888888888889 0.017708333333333333 0.10462962962962963
1 0.29765625 0.5254629629629629 0.013020833333333334 0.10092592592592593
1 0.3182291666666667 0.6166666666666667 0.01875 0.06666666666666667
1 0.42291666666666666 0.6175925925925926 0.01875 0.06851851851851852
1 0.52734375 0.6199074074074075 0.016145833333333335 0.06759259259259259
1 0.4625 0.7287037037037037 0.01875 0.09259259259259259
1 0.32708333333333334 0.7282407407407407 0.021875 0.09166666666666666
1 0.40651041666666665 0.8296296296296296 0.019270833333333334 0.08333333333333333
