0 0.3145833333333333 0.7888888888888889 0.020833333333333332 0.03888888888888889
1 0.47213541666666664 0.17592592592592593 0.015104166666666667 0.1037037037037037
1 0.4432291666666667 0.2513888888888889 0.017708333333333333 0.0787037037037037
1 0.5627604166666667 0.2513888888888889 0.016145833333333335 0.07685185185185185
1 0.31354166666666666 0.3300925925925926 0.020833333333333332 0.06574074074074074
1 0.41041666666666665 0.33101851851851855 0.01875 0.06759259259259259
1 0.5072916666666667 0.33055555555555555 0.016666666666666666 0.06481481481481481
1 0.31744791666666666 0.42083333333333334 0.021354166666666667 0.05648148148148148
1 0.38229166666666664 0.4217592592592593 0.019791666666666666 0.05648148148148148
1 0.4484375 0.4217592592592593 0.016666666666666666 0.05648148148148148
1 0.51328125 0.42268518518518516 0.0171875 0.06018518518518518
1 0.5783854166666667 0.425 0.0171875 0.06111111111111111
1 0.2981770833333333 0.5259259259259259 0.016145833333333335 0.1037037037037037
1 0.3651041666666667 0.5259259259259259 0.01875 0.10740740740740741
1 0.43255208333333334 0.5259259259259259 0.016145833333333335 0.1037037037037037
1 0.5002604166666667 0.5277777777777778 0.016145833333333335 0.10555555555555556
1 0.5671875 0.5273148148148148 0.017708333333333333 0.10277777777777777
1 0.5466145833333333 0.6212962962962963 0.016145833333333335 0.07222222222222222
1 0.44140625 0.6199074074074075 0.0203125 0.0712962962962963
1 0.3375 0.6185185185185185 0.022916666666666665 0.07407407407407407
1 0.29140625 0.7337962962962963 0.019270833333333334 0.11944444444444445
1 0.42734375 0.7356481481481482 0.019270833333333334 0.11944444444444445
1 0.4234375 0.8388888888888889 0.020833333333333332 0.053703703703703705
