0 0.3145833333333333 0.7875 0.021875 0.03981481481481482
1 0.4796875 0.1763888888888889 0.016666666666666666 0.10833333333333334
1 0.45416666666666666 0.25 0.01875 0.07407407407407407
1 0.5731770833333333 0.25 0.015104166666666667 0.07037037037037037
1 0.5065104166666666 0.33101851851851855 0.0171875 0.06388888888888888
1 0.40989583333333335 0.33240740740740743 0.020833333333333332 0.06666666666666667
1 0.31484375 0.33055555555555555 0.021354166666666667 0.06296296296296296
1 0.3455729166666667 0.4287037037037037 0.0171875 0.09074074074074075
1 0.40989583333333335 0.42824074074074076 0.019791666666666666 0.08796296296296297
1 0.475 0.42916666666666664 0.016666666666666666 0.09166666666666666
1 0.5416666666666666 0.42916666666666664 0.01875 0.09166666666666666
1 0.60625 0.42962962962962964 0.015625 0.09259259259259259
1 0.5721354166666667 0.5291666666666667 0.0171875 0.10833333333333334
1 0.50625 0.5282407407407408 0.017708333333333333 0.11018518518518519
1 0.4388020833333333 0.5268518518518519 0.0171875 0.10555555555555556
1 0.37109375 0.5273148148148148 0.018229166666666668 0.11018518518518519
1 0.3033854166666667 0.5263888888888889 0.016145833333333335 0.11018518518518519
1 0.35520833333333335 0.6222222222222222 0.01875 0.08703703703703704
1 0.46041666666666664 0.6236111111111111 0.01875 0.08796296296296297
1 0.5658854166666667 0.6240740740740741 0.018229166666666668 0.08888888888888889
1 0.43125 0.7342592592592593 0.01875 0.11851851851851852
1 0.29583333333333334 0.7333333333333333 0.01875 0.11666666666666667
1 0.43697916666666664 0.836574074074074 0.020833333333333332 0.05092592592592592
