0 0.3143229166666667 0.7893518518518519 0.021354166666666667 0.04537037037037037
1 0.48072916666666665 0.17592592592592593 0.016666666666666666 0.10555555555555556
1 0.45729166666666665 0.25046296296296294 0.017708333333333333 0.07314814814814814
1 0.5765625 0.24861111111111112 0.017708333333333333 0.07314814814814814
1 0.50703125 0.33240740740740743 0.018229166666666668 0.06666666666666667
1 0.41041666666666665 0.33101851851851855 0.020833333333333332 0.06574074074074074
1 0.3138020833333333 0.3300925925925926 0.019270833333333334 0.062037037037037036
1 0.3609375 0.42916666666666664 0.017708333333333333 0.09537037037037037
1 0.42526041666666664 0.43148148148148147 0.018229166666666668 0.10185185185185185
1 0.49140625 0.42916666666666664 0.019270833333333334 0.09537037037037037
1 0.5559895833333334 0.4305555555555556 0.018229166666666668 0.09814814814814815
1 0.303125 0.5268518518518519 0.017708333333333333 0.10740740740740741
1 0.37057291666666664 0.5273148148148148 0.015104166666666667 0.10833333333333334
1 0.43828125 0.5282407407407408 0.018229166666666668 0.11018518518518519
1 0.5057291666666667 0.5282407407407408 0.019791666666666666 0.11203703703703703
1 0.5721354166666667 0.5282407407407408 0.018229166666666668 0.10648148148148148
1 0.38255208333333335 0.6263888888888889 0.018229166666666668 0.10648148148148148
1 0.48776041666666664 0.6287037037037037 0.0171875 0.10925925925925926
1 0.5934895833333333 0.6282407407407408 0.0171875 0.11018518518518519
1 0.4317708333333333 0.736574074074074 0.019791666666666666 0.12314814814814815
1 0.2947916666666667 0.7319444444444444 0.019791666666666666 0.11944444444444445
1 0.4296875 0.8361111111111111 0.021875 0.05
