1 0.47994791666666664 0.17592592592592593 0.016145833333333335 0.1037037037037037
1 0.45729166666666665 0.25092592592592594 0.015625 0.07037037037037037
1 0.5760416666666667 0.24953703703703703 0.015625 0.06759259259259259
1 0.5072916666666667 0.3300925925925926 0.016666666666666666 0.058333333333333334
1 0.40989583333333335 0.33101851851851855 0.017708333333333333 0.062037037037037036
1 0.3140625 0.3296296296296296 0.01875 0.06111111111111111
1 0.34088541666666666 0.4305555555555556 0.0171875 0.1
1 0.40572916666666664 0.4310185185185185 0.01875 0.09907407407407408
1 0.4713541666666667 0.4300925925925926 0.015625 0.10462962962962963
1 0.53671875 0.43287037037037035 0.0171875 0.09722222222222222
1 0.6018229166666667 0.43148148148148147 0.016145833333333335 0.10185185185185185
1 0.571875 0.5282407407407408 0.016666666666666666 0.10648148148148148
1 0.50625 0.5282407407407408 0.016666666666666666 0.10277777777777777
1 0.43802083333333336 0.5282407407407408 0.016666666666666666 0.10462962962962963
1 0.3033854166666667 0.5273148148148148 0.0140625 0.10462962962962963
1 0.37083333333333335 0.5273148148148148 0.014583333333333334 0.10462962962962963
1 0.40182291666666664 0.6305555555555555 0.0203125 0.11851851851851852
1 0.50625 0.6319444444444444 0.015625 0.11574074074074074
1 0.6122395833333333 0.6314814814814815 0.0171875 0.11481481481481481
1 0.425 0.8393518518518519 0.01875 0.05648148148148148
