0 0.6236979166666666 0.6453703703703704 0.0296875 0.046296296296296294
1 0.48541666666666666 0.17592592592592593 0.016666666666666666 0.1037037037037037
1 0.44921875 0.25046296296296294 0.016145833333333335 0.0712962962962963
1 0.5684895833333333 0.25092592592592594 0.016145833333333335 0.07037037037037037
1 0.5067708333333333 0.3282407407407407 0.015625 0.05092592592592592
1 0.409375 0.32731481481481484 0.01875 0.05462962962962963
1 0.31354166666666666 0.32685185185185184 0.01875 0.05185185185185185
1 0.33984375 0.42685185185185187 0.0171875 0.08148148148148149
1 0.40338541666666666 0.4263888888888889 0.016145833333333335 0.0787037037037037
1 0.46953125 0.4273148148148148 0.015104166666666667 0.07685185185185185
1 0.5338541666666666 0.42777777777777776 0.017708333333333333 0.08148148148148149
1 0.5994791666666667 0.42824074074074076 0.014583333333333334 0.0824074074074074
1 0.5809895833333333 0.5273148148148148 0.0171875 0.09537037037037037
1 0.5145833333333333 0.5259259259259259 0.016666666666666666 0.0962962962962963
1 0.4466145833333333 0.524537037037037 0.015104166666666667 0.09351851851851851
1 0.3796875 0.525 0.017708333333333333 0.09444444444444444
1 0.31276041666666665 0.5259259259259259 0.0171875 0.09444444444444444
1 0.42161458333333335 0.8388888888888889 0.013020833333333334 0.044444444444444446
