0 0.33619791666666665 0.6800925925925926 0.0203125 0.04351851851851852
1 0.48541666666666666 0.1763888888888889 0.015625 0.10277777777777777
1 0.4361979166666667 0.2537037037037037 0.016145833333333335 0.08703703703703704
1 0.5559895833333334 0.2537037037037037 0.016145833333333335 0.08703703703703704
1 0.5072916666666667 0.32916666666666666 0.017708333333333333 0.05277777777777778
1 0.4109375 0.3282407407407407 0.017708333333333333 0.05462962962962963
1 0.3138020833333333 0.32685185185185184 0.019270833333333334 0.05185185185185185
1 0.33255208333333336 0.4263888888888889 0.019270833333333334 0.07685185185185185
1 0.3966145833333333 0.425 0.019270833333333334 0.07407407407407407
1 0.46171875 0.425462962962963 0.0171875 0.07685185185185185
1 0.5276041666666667 0.4263888888888889 0.017708333333333333 0.07685185185185185
1 0.5921875 0.42777777777777776 0.014583333333333334 0.07777777777777778
1 0.603125 0.513425925925926 0.014583333333333334 0.041666666666666664
1 0.5354166666666667 0.5157407407407407 0.017708333333333333 0.040740740740740744
1 0.46901041666666665 0.5148148148148148 0.016145833333333335 0.044444444444444446
1 0.4005208333333333 0.5125 0.01875 0.03981481481481482
1 0.33307291666666666 0.5143518518518518 0.018229166666666668 0.03981481481481482
1 0.309375 0.6143518518518518 0.020833333333333332 0.03981481481481482
1 0.4153645833333333 0.6166666666666667 0.0203125 0.03888888888888889
1 0.5223958333333333 0.6162037037037037 0.01875 0.03425925925925926
1 0.4328125 0.8402777777777778 0.013541666666666667 0.05648148148148148
