1 0.5145833333333333 0.17175925925925925 0.015625 0.08425925925925926
1 0.50390625 0.25925925925925924 0.0171875 0.10555555555555556
1 0.38515625 0.2569444444444444 0.0171875 0.10648148148148148
1 0.35598958333333336 0.3375 0.018229166666666668 0.08425925925925926
1 0.45234375 0.3388888888888889 0.016145833333333335 0.08888888888888889
1 0.5494791666666666 0.3375 0.014583333333333334 0.08425925925925926
1 0.5682291666666667 0.42453703703703705 0.015625 0.06388888888888888
1 0.503125 0.42407407407407405 0.017708333333333333 0.06296296296296296
1 0.43776041666666665 0.4236111111111111 0.019270833333333334 0.062037037037037036
1 0.37213541666666666 0.42268518518518516 0.019270833333333334 0.06388888888888888
1 0.30833333333333335 0.42268518518518516 0.017708333333333333 0.06388888888888888
1 0.3294270833333333 0.5203703703703704 0.0171875 0.08333333333333333
1 0.39557291666666666 0.5199074074074074 0.018229166666666668 0.08611111111111111
1 0.4630208333333333 0.5212962962962963 0.017708333333333333 0.08888888888888889
1 0.5291666666666667 0.5231481481481481 0.015625 0.08518518518518518
1 0.5966145833333333 0.5231481481481481 0.0140625 0.08518518518518518
1 0.3072916666666667 0.6273148148148148 0.01875 0.1175925925925926
1 0.4125 0.6287037037037037 0.017708333333333333 0.11481481481481481
1 0.51875 0.6263888888888889 0.017708333333333333 0.11574074074074074
1 0.38645833333333335 0.7296296296296296 0.016666666666666666 0.08703703703703704
1 0.5236979166666667 0.7296296296296296 0.019270833333333334 0.09259259259259259
1 0.48671875 0.8333333333333334 0.015104166666666667 0.02962962962962963
