0 0.46145833333333336 0.2791666666666667 0.023958333333333335 0.032407407407407406
1 0.48984375 0.17314814814814813 0.0171875 0.09444444444444444
1 0.403125 0.24212962962962964 0.014583333333333334 0.05092592592592592
1 0.5234375 0.24212962962962964 0.014583333333333334 0.04722222222222222
1 0.3765625 0.33796296296296297 0.013541666666666667 0.08703703703703704
1 0.471875 0.3388888888888889 0.017708333333333333 0.08148148148148149
1 0.5674479166666667 0.337037037037037 0.018229166666666668 0.08148148148148149
1 0.625 0.41203703703703703 0.021875 0.08518518518518518
1 0.5604166666666667 0.41203703703703703 0.020833333333333332 0.08148148148148149
1 0.49453125 0.4125 0.018229166666666668 0.08981481481481482
1 0.42890625 0.41203703703703703 0.019270833333333334 0.08518518518518518
1 0.36354166666666665 0.4125 0.019791666666666666 0.08611111111111111
1 0.3015625 0.524537037037037 0.01875 0.09537037037037037
1 0.3690104166666667 0.5236111111111111 0.0171875 0.09722222222222222
1 0.434375 0.524537037037037 0.019791666666666666 0.09907407407407408
1 0.503125 0.5236111111111111 0.016666666666666666 0.09722222222222222
1 0.5684895833333333 0.524537037037037 0.015104166666666667 0.09722222222222222
1 0.3619791666666667 0.6310185185185185 0.01875 0.11944444444444445
1 0.46875 0.6282407407407408 0.016666666666666666 0.12129629629629629
1 0.5739583333333333 0.6305555555555555 0.01875 0.11481481481481481
1 0.3416666666666667 0.7185185185185186 0.017708333333333333 0.05925925925925926
1 0.4783854166666667 0.7189814814814814 0.016145833333333335 0.06018518518518518
1 0.43515625 0.8310185185185185 0.019270833333333334 0.04351851851851852
