0 0.425 0.27037037037037037 0.016666666666666666 0.03148148148148148
1 0.48671875 0.17407407407407408 0.015104166666666667 0.09444444444444444
1 0.41744791666666664 0.24537037037037038 0.015104166666666667 0.037037037037037035
1 0.5364583333333334 0.24537037037037038 0.015625 0.03518518518518519
1 0.5591145833333333 0.3351851851851852 0.0140625 0.07962962962962963
1 0.4622395833333333 0.34305555555555556 0.018229166666666668 0.10462962962962963
1 0.36432291666666666 0.33055555555555555 0.0171875 0.08703703703703704
1 0.3684895833333333 0.4134259259259259 0.015104166666666667 0.08611111111111111
1 0.4328125 0.412962962962963 0.01875 0.08703703703703704
1 0.4986979166666667 0.41388888888888886 0.018229166666666668 0.08518518518518518
1 0.5638020833333334 0.41805555555555557 0.019270833333333334 0.0824074074074074
1 0.6296875 0.41388888888888886 0.020833333333333332 0.08703703703703704
1 0.3028645833333333 0.5199074074074074 0.0203125 0.08425925925925926
1 0.3692708333333333 0.5199074074074074 0.020833333333333332 0.0824074074074074
1 0.43645833333333334 0.5208333333333334 0.020833333333333332 0.08796296296296297
1 0.503125 0.5199074074074074 0.016666666666666666 0.08796296296296297
1 0.5700520833333333 0.5226851851851851 0.015104166666666667 0.08796296296296297
1 0.5015625 0.6282407407407408 0.019791666666666666 0.1175925925925926
1 0.3971354166666667 0.6277777777777778 0.0171875 0.11851851851851852
1 0.2911458333333333 0.6282407407407408 0.017708333333333333 0.11203703703703703
1 0.43203125 0.7171296296296297 0.0171875 0.06018518518518518
1 0.5684895833333333 0.7212962962962963 0.0203125 0.06481481481481481
1 0.47213541666666664 0.8263888888888888 0.0203125 0.049074074074074076
