0 0.43020833333333336 0.2722222222222222 0.017708333333333333 0.025925925925925925
1 0.4875 0.17222222222222222 0.014583333333333334 0.09444444444444444
1 0.43125 0.24722222222222223 0.014583333333333334 0.03888888888888889
1 0.5518229166666667 0.24722222222222223 0.015104166666666667 0.03888888888888889
1 0.4934895833333333 0.3421296296296296 0.0140625 0.09907407407407408
1 0.5901041666666667 0.3458333333333333 0.014583333333333334 0.09722222222222222
1 0.39609375 0.34305555555555556 0.0171875 0.09907407407407408
1 0.36796875 0.41388888888888886 0.0171875 0.08148148148148149
1 0.4328125 0.412962962962963 0.016666666666666666 0.08148148148148149
1 0.4984375 0.4152777777777778 0.016666666666666666 0.08055555555555556
1 0.5635416666666667 0.41435185185185186 0.016666666666666666 0.08055555555555556
1 0.6296875 0.41435185185185186 0.01875 0.08055555555555556
1 0.6098958333333333 0.5125 0.0125 0.04722222222222222
1 0.5434895833333333 0.5120370370370371 0.015104166666666667 0.04259259259259259
1 0.47552083333333334 0.5101851851851852 0.011458333333333333 0.02962962962962963
1 0.40651041666666665 0.5120370370370371 0.015104166666666667 0.040740740740740744
1 0.3380208333333333 0.5101851851851852 0.015625 0.044444444444444446
1 0.29010416666666666 0.6291666666666667 0.015625 0.11574074074074074
1 0.3963541666666667 0.6282407407407408 0.017708333333333333 0.1175925925925926
1 0.5015625 0.6305555555555555 0.015625 0.11296296296296296
1 0.43046875 0.7171296296296297 0.0171875 0.058333333333333334
1 0.5658854166666667 0.7203703703703703 0.016145833333333335 0.05740740740740741
1 0.46848958333333335 0.8268518518518518 0.018229166666666668 0.04259259259259259
