0 0.37734375 0.28935185185185186 0.018229166666666668 0.030555555555555555
1 0.48828125 0.17546296296296296 0.0140625 0.09166666666666666
1 0.48046875 0.2537037037037037 0.016145833333333335 0.07962962962962963
1 0.3609375 0.25046296296296294 0.016666666666666666 0.0787037037037037
1 0.32057291666666665 0.3421296296296296 0.015104166666666667 0.09907407407407408
1 0.41796875 0.3421296296296296 0.016145833333333335 0.10277777777777777
1 0.515625 0.3425925925925926 0.015625 0.10185185185185185
1 0.5984375 0.41759259259259257 0.016666666666666666 0.07222222222222222
1 0.5328125 0.41712962962962963 0.015625 0.075
1 0.46796875 0.41574074074074074 0.015104166666666667 0.07222222222222222
1 0.40182291666666664 0.4152777777777778 0.016145833333333335 0.07314814814814814
1 0.3377604166666667 0.4166666666666667 0.0171875 0.07222222222222222
1 0.29140625 0.6282407407407408 0.018229166666666668 0.11203703703703703
1 0.3963541666666667 0.6296296296296297 0.01875 0.11666666666666667
1 0.5010416666666667 0.6300925925925925 0.017708333333333333 0.11388888888888889
1 0.42942708333333335 0.7180555555555556 0.018229166666666668 0.05648148148148148
1 0.565625 0.7185185185185186 0.016666666666666666 0.05740740740740741
1 0.4669270833333333 0.8273148148148148 0.022395833333333334 0.03796296296296296
1 0.60546875 0.5162037037037037 0.019270833333333334 0.07314814814814814
1 0.5372395833333333 0.5125 0.0203125 0.075
1 0.33619791666666665 0.5064814814814815 0.0203125 0.07777777777777778
1 0.40182291666666664 0.5115740740740741 0.0203125 0.06759259259259259
1 0.4708333333333333 0.5106481481481482 0.021875 0.06944444444444445
