0 0.3776041666666667 0.28564814814814815 0.016666666666666666 0.03611111111111111
1 0.44244791666666666 0.17546296296296296 0.016145833333333335 0.09907407407407408
1 0.47942708333333334 0.2523148148148148 0.016145833333333335 0.0787037037037037
1 0.35989583333333336 0.2523148148148148 0.016666666666666666 0.08055555555555556
1 0.3619791666666667 0.3453703703703704 0.020833333333333332 0.1037037037037037
1 0.4609375 0.34305555555555556 0.016666666666666666 0.10648148148148148
1 0.5580729166666667 0.3421296296296296 0.015104166666666667 0.10833333333333334
1 0.3377604166666667 0.4148148148148148 0.019270833333333334 0.07592592592592592
1 0.40234375 0.4148148148148148 0.018229166666666668 0.07592592592592592
1 0.46796875 0.41574074074074074 0.016145833333333335 0.07592592592592592
1 0.5325520833333334 0.4166666666666667 0.0171875 0.07777777777777778
1 0.5984375 0.4162037037037037 0.017708333333333333 0.07685185185185185
1 0.30963541666666666 0.5185185185185185 0.0171875 0.07777777777777778
1 0.3765625 0.5194444444444445 0.014583333333333334 0.07777777777777778
1 0.4432291666666667 0.5222222222222223 0.016666666666666666 0.07592592592592592
1 0.5096354166666667 0.5199074074074074 0.015104166666666667 0.07685185185185185
1 0.57734375 0.5199074074074074 0.015104166666666667 0.08055555555555556
1 0.29192708333333334 0.6277777777777778 0.0171875 0.11296296296296296
1 0.39557291666666666 0.6296296296296297 0.0171875 0.11481481481481481
1 0.50078125 0.6296296296296297 0.016145833333333335 0.11481481481481481
1 0.428125 0.7194444444444444 0.017708333333333333 0.05740740740740741
1 0.5645833333333333 0.7194444444444444 0.016666666666666666 0.05555555555555555
1 0.4671875 0.8273148148148148 0.01875 0.04537037037037037
