0 0.37734375 0.28888888888888886 0.0171875 0.03148148148148148
1 0.44192708333333336 0.1763888888888889 0.016145833333333335 0.10277777777777777
1 0.35963541666666665 0.2513888888888889 0.0171875 0.075
1 0.4791666666666667 0.25277777777777777 0.015625 0.07592592592592592
1 0.34869791666666666 0.34305555555555556 0.015104166666666667 0.10092592592592593
1 0.44557291666666665 0.3435185185185185 0.016145833333333335 0.10555555555555556
1 0.54296875 0.34444444444444444 0.015104166666666667 0.10185185185185185
1 0.5981770833333333 0.4162037037037037 0.0171875 0.07685185185185185
1 0.5322916666666667 0.41574074074074074 0.016666666666666666 0.07777777777777778
1 0.4674479166666667 0.4162037037037037 0.016145833333333335 0.075
1 0.4015625 0.4148148148148148 0.01875 0.07777777777777778
1 0.33697916666666666 0.4148148148148148 0.01875 0.07962962962962963
1 0.32864583333333336 0.5097222222222222 0.016666666666666666 0.04722222222222222
1 0.39296875 0.5106481481481482 0.0171875 0.04722222222222222
1 0.46041666666666664 0.5111111111111111 0.014583333333333334 0.046296296296296294
1 0.53046875 0.512962962962963 0.018229166666666668 0.044444444444444446
1 0.5966145833333333 0.5138888888888888 0.018229166666666668 0.044444444444444446
1 0.5018229166666667 0.6305555555555555 0.016145833333333335 0.11851851851851852
1 0.39609375 0.6291666666666667 0.019270833333333334 0.11944444444444445
1 0.2908854166666667 0.6287037037037037 0.018229166666666668 0.11666666666666667
1 0.4276041666666667 0.7189814814814814 0.01875 0.05648148148148148
1 0.56484375 0.7194444444444444 0.0171875 0.05925925925925926
1 0.4669270833333333 0.8263888888888888 0.019270833333333334 0.04722222222222222
