0 0.378125 0.287962962962963 0.01875 0.03518518518518519
1 0.4421875 0.17546296296296296 0.016666666666666666 0.10092592592592593
1 0.35963541666666665 0.25277777777777777 0.018229166666666668 0.08148148148148149
1 0.47942708333333334 0.2523148148148148 0.015104166666666667 0.0787037037037037
1 0.39609375 0.3421296296296296 0.0171875 0.10277777777777777
1 0.4934895833333333 0.34305555555555556 0.016145833333333335 0.10648148148148148
1 0.5903645833333333 0.3425925925925926 0.016145833333333335 0.10555555555555556
1 0.3377604166666667 0.4152777777777778 0.019270833333333334 0.07685185185185185
1 0.40182291666666664 0.4162037037037037 0.018229166666666668 0.07314814814814814
1 0.46770833333333334 0.4166666666666667 0.016666666666666666 0.07407407407407407
1 0.53359375 0.41759259259259257 0.0171875 0.07407407407407407
1 0.5981770833333333 0.41712962962962963 0.0171875 0.075
1 0.3265625 0.5157407407407407 0.01875 0.06111111111111111
1 0.3921875 0.5162037037037037 0.01875 0.058333333333333334
1 0.4588541666666667 0.5203703703703704 0.014583333333333334 0.05185185185185185
1 0.5291666666666667 0.5171296296296296 0.015625 0.06018518518518518
1 0.5940104166666667 0.5175925925925926 0.011979166666666667 0.06296296296296296
1 0.5015625 0.6324074074074074 0.016666666666666666 0.11481481481481481
1 0.3958333333333333 0.6291666666666667 0.015625 0.1175925925925926
1 0.290625 0.6282407407407408 0.01875 0.1175925925925926
1 0.4283854166666667 0.7194444444444444 0.018229166666666668 0.06296296296296296
1 0.5643229166666667 0.7194444444444444 0.018229166666666668 0.06111111111111111
1 0.46770833333333334 0.8263888888888888 0.019791666666666666 0.049074074074074076
