0 0.37786458333333334 0.2865740740740741 0.0171875 0.032407407407407406
1 0.4427083333333333 0.1763888888888889 0.016666666666666666 0.10462962962962963
1 0.36041666666666666 0.2518518518518518 0.01875 0.07962962962962963
1 0.47994791666666664 0.25277777777777777 0.016145833333333335 0.07777777777777778
1 0.3736979166666667 0.3458333333333333 0.016145833333333335 0.10462962962962963
1 0.4700520833333333 0.3425925925925926 0.0171875 0.10555555555555556
1 0.5677083333333334 0.34444444444444444 0.016666666666666666 0.10740740740740741
1 0.3372395833333333 0.4166666666666667 0.019270833333333334 0.07222222222222222
1 0.40208333333333335 0.41759259259259257 0.019791666666666666 0.07592592592592592
1 0.4674479166666667 0.4166666666666667 0.0171875 0.07222222222222222
1 0.5325520833333334 0.41712962962962963 0.018229166666666668 0.0712962962962963
1 0.5979166666666667 0.41805555555555557 0.017708333333333333 0.07314814814814814
1 0.3268229166666667 0.5152777777777777 0.018229166666666668 0.06388888888888888
1 0.39296875 0.5171296296296296 0.0171875 0.06759259259259259
1 0.46041666666666664 0.5208333333333334 0.016666666666666666 0.06018518518518518
1 0.52890625 0.5180555555555556 0.018229166666666668 0.06759259259259259
1 0.5947916666666667 0.5189814814814815 0.013541666666666667 0.06574074074074074
1 0.2911458333333333 0.6291666666666667 0.016666666666666666 0.11574074074074074
1 0.39609375 0.6291666666666667 0.018229166666666668 0.1175925925925926
1 0.5015625 0.6310185185185185 0.017708333333333333 0.11388888888888889
1 0.42734375 0.7189814814814814 0.0171875 0.05648148148148148
1 0.5640625 0.7208333333333333 0.017708333333333333 0.05648148148148148
1 0.4674479166666667 0.825462962962963 0.0203125 0.04722222222222222
