0 0.43828125 0.35694444444444445 0.019270833333333334 0.041666666666666664
1 0.44609375 0.17546296296296296 0.016145833333333335 0.09907407407407408
1 0.35833333333333334 0.2449074074074074 0.019791666666666666 0.04722222222222222
1 0.47994791666666664 0.2412037037037037 0.018229166666666668 0.04537037037037037
1 0.41822916666666665 0.33055555555555555 0.014583333333333334 0.05
1 0.5166666666666667 0.3314814814814815 0.015625 0.05
1 0.6140625 0.3296296296296296 0.014583333333333334 0.053703703703703705
1 0.3260416666666667 0.41805555555555557 0.023958333333333335 0.03796296296296296
1 0.38984375 0.4185185185185185 0.021354166666666667 0.037037037037037035
1 0.52265625 0.41944444444444445 0.022395833333333334 0.03518518518518519
1 0.5893229166666667 0.42083333333333334 0.018229166666666668 0.03611111111111111
1 0.6135416666666667 0.5305555555555556 0.016666666666666666 0.11481481481481481
1 0.5466145833333333 0.5310185185185186 0.0171875 0.11388888888888889
1 0.47890625 0.5291666666666667 0.015104166666666667 0.11018518518518519
1 0.4114583333333333 0.5291666666666667 0.017708333333333333 0.11388888888888889
1 0.34453125 0.5291666666666667 0.021354166666666667 0.11574074074074074
1 0.2911458333333333 0.6287037037037037 0.017708333333333333 0.12037037037037036
1 0.3958333333333333 0.6300925925925925 0.016666666666666666 0.1175925925925926
1 0.5010416666666667 0.6310185185185185 0.016666666666666666 0.11574074074074074
1 0.40520833333333334 0.7287037037037037 0.01875 0.08518518518518518
1 0.5421875 0.7273148148148149 0.016666666666666666 0.08796296296296297
1 0.44583333333333336 0.8310185185185185 0.020833333333333332 0.03425925925925926
