0 0.3578125 0.2152777777777778 0.019791666666666666 0.03611111111111111
1 0.4609375 0.1726851851851852 0.016666666666666666 0.08981481481481482
1 0.3723958333333333 0.25416666666666665 0.016666666666666666 0.08796296296296297
1 0.49270833333333336 0.25416666666666665 0.016666666666666666 0.08611111111111111
1 0.43020833333333336 0.32916666666666666 0.016666666666666666 0.058333333333333334
1 0.5278645833333333 0.32916666666666666 0.016145833333333335 0.062037037037037036
1 0.6252604166666667 0.33055555555555555 0.0140625 0.05925925925925926
1 0.5841145833333333 0.4212962962962963 0.018229166666666668 0.05740740740740741
1 0.5184895833333333 0.4212962962962963 0.0171875 0.05740740740740741
1 0.45208333333333334 0.42083333333333334 0.017708333333333333 0.05648148148148148
1 0.38723958333333336 0.4199074074074074 0.019270833333333334 0.05648148148148148
1 0.32317708333333334 0.4212962962962963 0.019270833333333334 0.05555555555555555
1 0.34296875 0.5296296296296297 0.0171875 0.10925925925925926
1 0.40911458333333334 0.524074074074074 0.016145833333333335 0.1
1 0.47682291666666665 0.5310185185185186 0.016145833333333335 0.11203703703703703
1 0.54453125 0.5305555555555556 0.016145833333333335 0.11296296296296296
1 0.6111979166666667 0.5314814814814814 0.016145833333333335 0.11481481481481481
1 0.5151041666666667 0.6314814814814815 0.017708333333333333 0.11666666666666667
1 0.41067708333333336 0.6324074074074074 0.0171875 0.11851851851851852
1 0.30494791666666665 0.6282407407407408 0.018229166666666668 0.11944444444444445
1 0.43463541666666666 0.7185185185185186 0.0171875 0.053703703703703705
1 0.57109375 0.7180555555555556 0.016145833333333335 0.05277777777777778
1 0.46979166666666666 0.837037037037037 0.01875 0.025925925925925925
