0 0.5640625 0.2662037037037037 0.01875 0.03611111111111111
1 0.5098958333333333 0.1726851851851852 0.017708333333333333 0.08611111111111111
1 0.5338541666666666 0.24953703703703703 0.015625 0.058333333333333334
1 0.41510416666666666 0.24814814814814815 0.01875 0.05740740740740741
1 0.38125 0.3425925925925926 0.015625 0.08888888888888889
1 0.47890625 0.34074074074074073 0.0140625 0.09259259259259259
1 0.5765625 0.3439814814814815 0.015625 0.09166666666666666
1 0.5986979166666667 0.4212962962962963 0.0171875 0.05740740740740741
1 0.5330729166666667 0.4203703703703704 0.0171875 0.05555555555555555
1 0.4674479166666667 0.4199074074074074 0.015104166666666667 0.06018518518518518
1 0.40208333333333335 0.4199074074074074 0.017708333333333333 0.058333333333333334
1 0.33697916666666666 0.41944444444444445 0.017708333333333333 0.05555555555555555
1 0.3255208333333333 0.5296296296296297 0.01875 0.1111111111111111
1 0.39427083333333335 0.5287037037037037 0.016666666666666666 0.10740740740740741
1 0.4609375 0.5291666666666667 0.016666666666666666 0.11018518518518519
1 0.5286458333333334 0.5287037037037037 0.017708333333333333 0.1111111111111111
1 0.5947916666666667 0.5305555555555556 0.016666666666666666 0.10925925925925926
1 0.5526041666666667 0.6314814814814815 0.016666666666666666 0.11666666666666667
1 0.4473958333333333 0.6296296296296297 0.015625 0.11666666666666667
1 0.3421875 0.6305555555555555 0.019791666666666666 0.11481481481481481
1 0.4234375 0.7185185185185186 0.01875 0.05740740740740741
1 0.56015625 0.7194444444444444 0.018229166666666668 0.05740740740740741
1 0.46510416666666665 0.8337962962962963 0.019791666666666666 0.028703703703703703
