1 0.5153645833333333 0.17222222222222222 0.0171875 0.08148148148148149
1 0.4471354166666667 0.25324074074074077 0.018229166666666668 0.08611111111111111
1 0.5661458333333333 0.2537037037037037 0.015625 0.07962962962962963
1 0.5536458333333333 0.3453703703703704 0.016666666666666666 0.1
1 0.45416666666666666 0.3439814814814815 0.015625 0.09722222222222222
1 0.35859375 0.3416666666666667 0.0203125 0.10555555555555556
1 0.33359375 0.4199074074074074 0.019270833333333334 0.05462962962962963
1 0.39817708333333335 0.4199074074074074 0.018229166666666668 0.05648148148148148
1 0.4625 0.4212962962962963 0.016666666666666666 0.05740740740740741
1 0.5294270833333333 0.4199074074074074 0.019270833333333334 0.06018518518518518
1 0.5947916666666667 0.4217592592592593 0.01875 0.06018518518518518
1 0.5830729166666667 0.5291666666666667 0.0171875 0.09351851851851851
1 0.5182291666666666 0.5305555555555556 0.016666666666666666 0.09074074074074075
1 0.44947916666666665 0.5282407407407408 0.017708333333333333 0.09351851851851851
1 0.3828125 0.5273148148148148 0.019791666666666666 0.09351851851851851
1 0.31614583333333335 0.5259259259259259 0.01875 0.0962962962962963
1 0.3380208333333333 0.6296296296296297 0.017708333333333333 0.11851851851851852
1 0.4434895833333333 0.6305555555555555 0.0171875 0.11666666666666667
1 0.5486979166666667 0.6305555555555555 0.018229166666666668 0.11666666666666667
1 0.42265625 0.7171296296296297 0.018229166666666668 0.05462962962962963
1 0.5596354166666667 0.7208333333333333 0.0171875 0.05462962962962963
1 0.46380208333333334 0.8277777777777777 0.021354166666666667 0.05
