0 0.43020833333333336 0.2884259259259259 0.019791666666666666 0.032407407407407406
1 0.51484375 0.17222222222222222 0.015104166666666667 0.07777777777777778
1 0.5328125 0.25277777777777777 0.017708333333333333 0.08888888888888889
1 0.41328125 0.25601851851851853 0.0140625 0.08611111111111111
1 0.33177083333333335 0.3416666666666667 0.016666666666666666 0.1
1 0.4278645833333333 0.3439814814814815 0.0203125 0.09722222222222222
1 0.52734375 0.3449074074074074 0.0171875 0.09537037037037037
1 0.5877604166666667 0.4217592592592593 0.016145833333333335 0.05277777777777778
1 0.5239583333333333 0.4203703703703704 0.01875 0.05740740740740741
1 0.45651041666666664 0.42083333333333334 0.018229166666666668 0.058333333333333334
1 0.3919270833333333 0.42083333333333334 0.0171875 0.058333333333333334
1 0.328125 0.41898148148148145 0.020833333333333332 0.058333333333333334
1 0.30416666666666664 0.5277777777777778 0.017708333333333333 0.1
1 0.37083333333333335 0.5273148148148148 0.017708333333333333 0.10092592592592593
1 0.4375 0.5268518518518519 0.015625 0.09814814814814815
1 0.5059895833333333 0.5300925925925926 0.0171875 0.10277777777777777
1 0.57109375 0.5291666666666667 0.016145833333333335 0.10092592592592593
1 0.5361979166666667 0.6305555555555555 0.0171875 0.11481481481481481
1 0.43072916666666666 0.6319444444444444 0.015625 0.11203703703703703
1 0.32578125 0.6287037037037037 0.0171875 0.11666666666666667
1 0.4234375 0.7185185185185186 0.01875 0.05925925925925926
1 0.559375 0.7199074074074074 0.016666666666666666 0.058333333333333334
1 0.465625 0.825462962962963 0.01875 0.04537037037037037
