0 0.35859375 0.287962962962963 0.0171875 0.03333333333333333
1 0.515625 0.17222222222222222 0.016666666666666666 0.07962962962962963
1 0.4609375 0.2513888888888889 0.016666666666666666 0.07314814814814814
1 0.3416666666666667 0.25046296296296294 0.017708333333333333 0.07314814814814814
1 0.36640625 0.3425925925925926 0.015104166666666667 0.10555555555555556
1 0.4625 0.34074074074074073 0.014583333333333334 0.10185185185185185
1 0.5604166666666667 0.34305555555555556 0.015625 0.10648148148148148
1 0.59453125 0.4203703703703704 0.0171875 0.06296296296296296
1 0.5291666666666667 0.41944444444444445 0.015625 0.06111111111111111
1 0.4635416666666667 0.41898148148148145 0.016666666666666666 0.06388888888888888
1 0.39895833333333336 0.41898148148148145 0.017708333333333333 0.062037037037037036
1 0.3338541666666667 0.4185185185185185 0.017708333333333333 0.05925925925925926
1 0.340625 0.5143518518518518 0.01875 0.06018518518518518
1 0.40677083333333336 0.5157407407407407 0.01875 0.06666666666666667
1 0.4752604166666667 0.5162037037037037 0.016145833333333335 0.06574074074074074
1 0.5419270833333333 0.5171296296296296 0.0171875 0.062037037037037036
1 0.6072916666666667 0.5157407407407407 0.014583333333333334 0.06666666666666667
1 0.2911458333333333 0.6291666666666667 0.016666666666666666 0.1175925925925926
1 0.39609375 0.6291666666666667 0.018229166666666668 0.1175925925925926
1 0.5010416666666667 0.6300925925925925 0.016666666666666666 0.11574074074074074
1 0.4231770833333333 0.7180555555555556 0.019270833333333334 0.06018518518518518
1 0.5604166666666667 0.7203703703703703 0.017708333333333333 0.05740740740740741
1 0.465625 0.8268518518518518 0.01875 0.05185185185185185
