0 0.35885416666666664 0.2865740740740741 0.017708333333333333 0.032407407407407406
1 0.45598958333333334 0.17685185185185184 0.0140625 0.10555555555555556
1 0.46041666666666664 0.25324074074074077 0.016666666666666666 0.07685185185185185
1 0.3419270833333333 0.25092592592592594 0.018229166666666668 0.07777777777777778
1 0.31276041666666665 0.3421296296296296 0.016145833333333335 0.10648148148148148
1 0.40989583333333335 0.34305555555555556 0.015625 0.10462962962962963
1 0.5065104166666666 0.34305555555555556 0.016145833333333335 0.10462962962962963
1 0.3328125 0.4166666666666667 0.01875 0.07592592592592592
1 0.396875 0.4162037037037037 0.016666666666666666 0.07314814814814814
1 0.4625 0.4166666666666667 0.015625 0.07407407407407407
1 0.5276041666666667 0.41759259259259257 0.016666666666666666 0.07222222222222222
1 0.5932291666666667 0.4185185185185185 0.017708333333333333 0.07592592592592592
1 0.3151041666666667 0.5212962962962963 0.020833333333333332 0.07962962962962963
1 0.38203125 0.5217592592592593 0.0171875 0.0824074074074074
1 0.44895833333333335 0.5226851851851851 0.01875 0.0824074074074074
1 0.5166666666666667 0.5217592592592593 0.016666666666666666 0.0824074074074074
1 0.5833333333333334 0.5222222222222223 0.016666666666666666 0.08148148148148149
1 0.5020833333333333 0.6310185185185185 0.016666666666666666 0.11944444444444445
1 0.39557291666666666 0.6305555555555555 0.018229166666666668 0.11851851851851852
1 0.29140625 0.6277777777777778 0.0171875 0.11851851851851852
1 0.42291666666666666 0.7185185185185186 0.017708333333333333 0.05740740740740741
1 0.5596354166666667 0.7194444444444444 0.0171875 0.05555555555555555
1 0.465625 0.8277777777777777 0.01875 0.04814814814814815
