0 0.3580729166666667 0.2875 0.018229166666666668 0.03611111111111111
1 0.45677083333333335 0.17592592592592593 0.016666666666666666 0.10555555555555556
1 0.46041666666666664 0.2513888888888889 0.014583333333333334 0.0787037037037037
1 0.34140625 0.2513888888888889 0.0171875 0.0787037037037037
1 0.31302083333333336 0.3425925925925926 0.017708333333333333 0.10185185185185185
1 0.40963541666666664 0.3421296296296296 0.016145833333333335 0.10462962962962963
1 0.50703125 0.3439814814814815 0.016145833333333335 0.10648148148148148
1 0.33307291666666666 0.41759259259259257 0.018229166666666668 0.06666666666666667
1 0.3963541666666667 0.41805555555555557 0.017708333333333333 0.06759259259259259
1 0.46197916666666666 0.41898148148148145 0.016666666666666666 0.07314814814814814
1 0.5278645833333333 0.41944444444444445 0.018229166666666668 0.07037037037037037
1 0.5924479166666666 0.41805555555555557 0.0171875 0.06759259259259259
1 0.3143229166666667 0.5231481481481481 0.018229166666666668 0.08703703703703704
1 0.3815104166666667 0.5236111111111111 0.018229166666666668 0.08796296296296297
1 0.44947916666666665 0.525 0.016666666666666666 0.09444444444444444
1 0.5169270833333334 0.5263888888888889 0.016145833333333335 0.08981481481481482
1 0.5830729166666667 0.5268518518518519 0.015104166666666667 0.08888888888888889
1 0.2921875 0.6300925925925925 0.016666666666666666 0.1175925925925926
1 0.39557291666666666 0.6291666666666667 0.019270833333333334 0.1175925925925926
1 0.5018229166666667 0.6305555555555555 0.0171875 0.11851851851851852
1 0.42291666666666666 0.7185185185185186 0.019791666666666666 0.05740740740740741
1 0.5591145833333333 0.7199074074074074 0.018229166666666668 0.058333333333333334
1 0.46510416666666665 0.8268518518518518 0.017708333333333333 0.044444444444444446
