0 0.30416666666666664 0.5453703703703704 0.019791666666666666 0.037037037037037035
1 0.475 0.17314814814814813 0.016666666666666666 0.09074074074074075
1 0.42161458333333335 0.25555555555555554 0.0171875 0.0962962962962963
1 0.5419270833333333 0.25601851851851853 0.018229166666666668 0.10092592592592593
1 0.40989583333333335 0.337037037037037 0.01875 0.08148148148148149
1 0.50625 0.337037037037037 0.015625 0.08148148148148149
1 0.3125 0.3375 0.01875 0.0787037037037037
1 0.3067708333333333 0.42592592592592593 0.019791666666666666 0.07592592592592592
1 0.3703125 0.425 0.01875 0.07777777777777778
1 0.4356770833333333 0.4273148148148148 0.0171875 0.0787037037037037
1 0.5020833333333333 0.4263888888888889 0.017708333333333333 0.07314814814814814
1 0.5661458333333333 0.42685185185185187 0.016666666666666666 0.07962962962962963
1 0.33307291666666666 0.5111111111111111 0.018229166666666668 0.06851851851851852
1 0.3997395833333333 0.5106481481481482 0.018229166666666668 0.06759259259259259
1 0.46875 0.5125 0.017708333333333333 0.06574074074074074
1 0.5341145833333333 0.5125 0.016145833333333335 0.06944444444444445
1 0.6002604166666666 0.5097222222222222 0.019270833333333334 0.075
1 0.2908854166666667 0.6277777777777778 0.018229166666666668 0.11666666666666667
1 0.39557291666666666 0.6287037037037037 0.018229166666666668 0.11481481481481481
1 0.5002604166666667 0.6314814814814815 0.0171875 0.11481481481481481
1 0.46484375 0.7361111111111112 0.019270833333333334 0.11851851851851852
1 0.328125 0.7342592592592593 0.017708333333333333 0.11851851851851852
1 0.40677083333333336 0.8291666666666667 0.020833333333333332 0.049074074074074076
