0 0.3606770833333333 0.449537037037037 0.0203125 0.03611111111111111
1 0.465625 0.17453703703703705 0.015625 0.09537037037037037
1 0.4276041666666667 0.25555555555555554 0.016666666666666666 0.0962962962962963
1 0.54609375 0.25555555555555554 0.0171875 0.0962962962962963
1 0.50546875 0.33796296296296297 0.0171875 0.08333333333333333
1 0.40989583333333335 0.3388888888888889 0.01875 0.08148148148148149
1 0.31223958333333335 0.3384259259259259 0.019270833333333334 0.08055555555555556
1 0.3614583333333333 0.4199074074074074 0.017708333333333333 0.03611111111111111
1 0.42630208333333336 0.41898148148148145 0.0171875 0.03425925925925926
1 0.49192708333333335 0.4199074074074074 0.0171875 0.032407407407407406
1 0.5572916666666666 0.4212962962962963 0.017708333333333333 0.03518518518518519
1 0.62265625 0.42083333333333334 0.0171875 0.03611111111111111
1 0.3 0.5101851851851852 0.020833333333333332 0.046296296296296294
1 0.3653645833333333 0.5106481481481482 0.0203125 0.04722222222222222
1 0.43359375 0.5120370370370371 0.0171875 0.044444444444444446
1 0.5005208333333333 0.5115740740740741 0.017708333333333333 0.049074074074074076
1 0.5674479166666667 0.512962962962963 0.0171875 0.04814814814814815
1 0.5010416666666667 0.6291666666666667 0.015625 0.11574074074074074
1 0.39557291666666666 0.6291666666666667 0.018229166666666668 0.1175925925925926
1 0.2908854166666667 0.6282407407407408 0.018229166666666668 0.1175925925925926
1 0.33880208333333334 0.7342592592592593 0.0171875 0.11666666666666667
1 0.4752604166666667 0.737037037037037 0.018229166666666668 0.11666666666666667
1 0.44921875 0.8287037037037037 0.019270833333333334 0.04259259259259259
