0 0.371875 0.44351851851851853 0.01875 0.037037037037037035
1 0.45989583333333334 0.17546296296296296 0.016666666666666666 0.09722222222222222
1 0.42239583333333336 0.25092592592592594 0.016666666666666666 0.07592592592592592
1 0.5416666666666666 0.25 0.016666666666666666 0.07962962962962963
1 0.5065104166666666 0.3296296296296296 0.016145833333333335 0.05740740740740741
1 0.40989583333333335 0.33101851851851855 0.017708333333333333 0.062037037037037036
1 0.31354166666666666 0.32916666666666666 0.019791666666666666 0.058333333333333334
1 0.3182291666666667 0.41712962962962963 0.017708333333333333 0.03981481481481482
1 0.38229166666666664 0.41712962962962963 0.016666666666666666 0.041666666666666664
1 0.4479166666666667 0.41712962962962963 0.016666666666666666 0.03981481481481482
1 0.5138020833333333 0.41898148148148145 0.016145833333333335 0.03796296296296296
1 0.578125 0.41944444444444445 0.017708333333333333 0.040740740740740744
1 0.2903645833333333 0.6282407407407408 0.018229166666666668 0.12129629629629629
1 0.3963541666666667 0.6287037037037037 0.021875 0.12222222222222222
1 0.5005208333333333 0.6314814814814815 0.01875 0.11851851851851852
1 0.43463541666666666 0.736574074074074 0.0171875 0.12314814814814815
1 0.29765625 0.7333333333333333 0.018229166666666668 0.11851851851851852
1 0.40703125 0.8273148148148148 0.0203125 0.04351851851851852
