0 0.35208333333333336 0.45185185185185184 0.021875 0.037037037037037035
1 0.46067708333333335 0.17546296296296296 0.015104166666666667 0.10092592592592593
1 0.42239583333333336 0.25046296296296294 0.016666666666666666 0.07685185185185185
1 0.5408854166666667 0.2513888888888889 0.0140625 0.075
1 0.5065104166666666 0.3296296296296296 0.015104166666666667 0.053703703703703705
1 0.40989583333333335 0.3296296296296296 0.017708333333333333 0.05555555555555555
1 0.31302083333333336 0.32916666666666666 0.01875 0.05462962962962963
1 0.32135416666666666 0.42407407407407405 0.017708333333333333 0.05740740740740741
1 0.38619791666666664 0.42268518518518516 0.019270833333333334 0.058333333333333334
1 0.45078125 0.42314814814814816 0.0171875 0.06111111111111111
1 0.5169270833333334 0.4236111111111111 0.0171875 0.05648148148148148
1 0.5817708333333333 0.42407407407407405 0.015625 0.06111111111111111
1 0.6252604166666667 0.5203703703703704 0.013020833333333334 0.07407407407407407
1 0.5588541666666667 0.5208333333333334 0.017708333333333333 0.07685185185185185
1 0.49166666666666664 0.5222222222222223 0.017708333333333333 0.07407407407407407
1 0.4244791666666667 0.5217592592592593 0.019791666666666666 0.07685185185185185
1 0.35703125 0.5203703703703704 0.0203125 0.07592592592592592
1 0.2908854166666667 0.6300925925925925 0.0171875 0.12129629629629629
1 0.39557291666666666 0.6282407407407408 0.018229166666666668 0.11944444444444445
1 0.5013020833333334 0.6319444444444444 0.016145833333333335 0.1175925925925926
1 0.44140625 0.7361111111111112 0.0171875 0.12037037037037036
1 0.3059895833333333 0.7333333333333333 0.018229166666666668 0.11851851851851852
1 0.41640625 0.8291666666666667 0.024479166666666666 0.04722222222222222
