1 0.4609375 0.175 0.015625 0.1
1 0.421875 0.2518518518518518 0.017708333333333333 0.07777777777777778
1 0.5424479166666667 0.25277777777777777 0.016145833333333335 0.07592592592592592
1 0.50625 0.3282407407407407 0.017708333333333333 0.049074074074074076
1 0.40911458333333334 0.3277777777777778 0.018229166666666668 0.053703703703703705
1 0.31302083333333336 0.32731481481481484 0.01875 0.04722222222222222
1 0.30572916666666666 0.42407407407407405 0.019791666666666666 0.07407407407407407
1 0.3703125 0.425462962962963 0.01875 0.0712962962962963
1 0.4354166666666667 0.42453703703703705 0.017708333333333333 0.0712962962962963
1 0.5010416666666667 0.425 0.015625 0.07222222222222222
1 0.5661458333333333 0.4273148148148148 0.016666666666666666 0.0712962962962963
1 0.303125 0.5296296296296297 0.017708333333333333 0.10925925925925926
1 0.37005208333333334 0.5282407407407408 0.0171875 0.11018518518518519
1 0.43828125 0.5296296296296297 0.016145833333333335 0.11481481481481481
1 0.5049479166666667 0.5263888888888889 0.018229166666666668 0.10833333333333334
1 0.5713541666666667 0.5314814814814814 0.01875 0.11296296296296296
1 0.5002604166666667 0.6296296296296297 0.016145833333333335 0.11851851851851852
1 0.39505208333333336 0.6287037037037037 0.018229166666666668 0.11666666666666667
1 0.2908854166666667 0.625462962962963 0.019270833333333334 0.11203703703703703
1 0.29322916666666665 0.736574074074074 0.01875 0.12314814814814815
1 0.4283854166666667 0.7351851851851852 0.018229166666666668 0.12037037037037036
1 0.40651041666666665 0.8291666666666667 0.019270833333333334 0.041666666666666664
