0 0.33619791666666665 0.5856481481481481 0.0203125 0.03425925925925926
1 0.4796875 0.17592592592592593 0.015625 0.10185185185185185
1 0.4518229166666667 0.25787037037037036 0.016145833333333335 0.10462962962962963
1 0.5731770833333333 0.25833333333333336 0.019270833333333334 0.10740740740740741
1 0.5067708333333333 0.32685185185185184 0.016666666666666666 0.05185185185185185
1 0.40859375 0.32916666666666666 0.0203125 0.05277777777777778
1 0.31302083333333336 0.32731481481481484 0.020833333333333332 0.05462962962962963
1 0.33203125 0.42916666666666664 0.019270833333333334 0.09166666666666666
1 0.39791666666666664 0.4263888888888889 0.020833333333333332 0.08611111111111111
1 0.4630208333333333 0.4273148148148148 0.01875 0.09166666666666666
1 0.5299479166666666 0.4273148148148148 0.019270833333333334 0.08796296296296297
1 0.5921875 0.4273148148148148 0.019791666666666666 0.08796296296296297
1 0.33229166666666665 0.5277777777777778 0.017708333333333333 0.12407407407407407
1 0.39921875 0.5287037037037037 0.015104166666666667 0.11481481481481481
1 0.46640625 0.5259259259259259 0.015104166666666667 0.11296296296296296
1 0.5333333333333333 0.5291666666666667 0.015625 0.11574074074074074
1 0.5997395833333333 0.5314814814814814 0.015104166666666667 0.11666666666666667
1 0.35442708333333334 0.6287037037037037 0.015104166666666667 0.11666666666666667
1 0.459375 0.6305555555555555 0.016666666666666666 0.11851851851851852
1 0.5658854166666667 0.6305555555555555 0.0171875 0.11666666666666667
1 0.47291666666666665 0.7384259259259259 0.01875 0.11574074074074074
1 0.3346354166666667 0.7347222222222223 0.018229166666666668 0.12314814814814815
1 0.4348958333333333 0.8296296296296296 0.022916666666666665 0.037037037037037035
