0 0.43411458333333336 0.5675925925925925 0.0203125 0.03518518518518519
1 0.4791666666666667 0.17592592592592593 0.017708333333333333 0.1
1 0.45677083333333335 0.2574074074074074 0.016666666666666666 0.10555555555555556
1 0.5763020833333333 0.25601851851851853 0.0171875 0.10648148148148148
1 0.6268229166666667 0.3287037037037037 0.0140625 0.053703703703703705
1 0.5307291666666667 0.32731481481481484 0.016666666666666666 0.04722222222222222
1 0.43411458333333336 0.3263888888888889 0.018229166666666668 0.04537037037037037
1 0.33984375 0.4305555555555556 0.0171875 0.09444444444444444
1 0.40625 0.42916666666666664 0.017708333333333333 0.08981481481481482
1 0.4705729166666667 0.4273148148148148 0.015104166666666667 0.0824074074074074
1 0.5348958333333333 0.4263888888888889 0.019791666666666666 0.09537037037037037
1 0.6013020833333333 0.42962962962962964 0.0171875 0.08518518518518518
1 0.590625 0.5300925925925926 0.013541666666666667 0.11388888888888889
1 0.5231770833333333 0.5259259259259259 0.015104166666666667 0.1037037037037037
1 0.45651041666666664 0.5277777777777778 0.018229166666666668 0.11481481481481481
1 0.3893229166666667 0.5291666666666667 0.0171875 0.11388888888888889
1 0.3229166666666667 0.5277777777777778 0.01875 0.11296296296296296
1 0.421875 0.6287037037037037 0.01875 0.11851851851851852
1 0.5268229166666667 0.6291666666666667 0.018229166666666668 0.12129629629629629
1 0.6322916666666667 0.6314814814814815 0.016666666666666666 0.12037037037037036
1 0.50234375 0.7347222222222223 0.019270833333333334 0.1175925925925926
1 0.36640625 0.7337962962962963 0.019270833333333334 0.11944444444444445
1 0.5020833333333333 0.8282407407407407 0.020833333333333332 0.04722222222222222
