0 0.4466145833333333 0.5537037037037037 0.018229166666666668 0.037037037037037035
1 0.4786458333333333 0.17592592592592593 0.015625 0.1037037037037037
1 0.45729166666666665 0.25787037037037036 0.015625 0.10277777777777777
1 0.5778645833333333 0.25787037037037036 0.016145833333333335 0.10833333333333334
1 0.43333333333333335 0.32546296296296295 0.016666666666666666 0.04537037037037037
1 0.53046875 0.32731481481481484 0.018229166666666668 0.05092592592592592
1 0.6283854166666667 0.3277777777777778 0.016145833333333335 0.04814814814814815
1 0.3098958333333333 0.4305555555555556 0.017708333333333333 0.10185185185185185
1 0.37473958333333335 0.4310185185185185 0.019270833333333334 0.09907407407407408
1 0.43984375 0.4310185185185185 0.0171875 0.10277777777777777
1 0.5057291666666667 0.4305555555555556 0.017708333333333333 0.10185185185185185
1 0.5700520833333333 0.4305555555555556 0.016145833333333335 0.1
1 0.3260416666666667 0.5287037037037037 0.016666666666666666 0.11851851851851852
1 0.3932291666666667 0.5291666666666667 0.015625 0.11944444444444445
1 0.46067708333333335 0.5328703703703703 0.015104166666666667 0.11574074074074074
1 0.5270833333333333 0.5231481481481481 0.015625 0.0962962962962963
1 0.59296875 0.5296296296296297 0.016145833333333335 0.11666666666666667
1 0.6325520833333333 0.6324074074074074 0.018229166666666668 0.12407407407407407
1 0.52578125 0.6324074074074074 0.018229166666666668 0.12037037037037036
1 0.42135416666666664 0.6296296296296297 0.019791666666666666 0.11851851851851852
1 0.36640625 0.7342592592592593 0.019270833333333334 0.11851851851851852
1 0.5028645833333333 0.7356481481481482 0.018229166666666668 0.11944444444444445
1 0.5033854166666667 0.8319444444444445 0.022395833333333334 0.041666666666666664
