0 0.5934895833333333 0.5745370370370371 0.0234375 0.03796296296296296
1 0.5036458333333333 0.1763888888888889 0.016666666666666666 0.10277777777777777
1 0.48828125 0.24768518518518517 0.018229166666666668 0.062037037037037036
1 0.6072916666666667 0.24814814814814815 0.016666666666666666 0.06111111111111111
1 0.6276041666666666 0.3282407407407407 0.015625 0.05092592592592592
1 0.5307291666666667 0.3282407407407407 0.016666666666666666 0.05277777777777778
1 0.43333333333333335 0.32685185185185184 0.01875 0.04814814814814815
1 0.36640625 0.4212962962962963 0.018229166666666668 0.06851851851851852
1 0.4309895833333333 0.4236111111111111 0.0171875 0.06574074074074074
1 0.49661458333333336 0.42268518518518516 0.015104166666666667 0.06574074074074074
1 0.56171875 0.4217592592592593 0.018229166666666668 0.06944444444444445
1 0.62734375 0.42314814814814816 0.016145833333333335 0.06481481481481481
1 0.35651041666666666 0.5287037037037037 0.019270833333333334 0.1111111111111111
1 0.42239583333333336 0.524537037037037 0.01875 0.10462962962962963
1 0.48984375 0.5300925925925926 0.016145833333333335 0.11018518518518519
1 0.5572916666666666 0.5305555555555556 0.016666666666666666 0.10925925925925926
1 0.6231770833333333 0.5273148148148148 0.015104166666666667 0.10648148148148148
1 0.42109375 0.6300925925925925 0.0171875 0.11944444444444445
1 0.5270833333333333 0.6310185185185185 0.01875 0.12314814814814815
1 0.6330729166666667 0.6314814814814815 0.0171875 0.12037037037037036
1 0.37083333333333335 0.7347222222222223 0.017708333333333333 0.11944444444444445
1 0.50703125 0.7347222222222223 0.0171875 0.1175925925925926
1 0.5026041666666666 0.8282407407407407 0.022916666666666665 0.05277777777777778
