0 0.5565104166666667 0.5796296296296296 0.021354166666666667 0.03888888888888889
1 0.5151041666666667 0.17592592592592593 0.014583333333333334 0.10185185185185185
1 0.50703125 0.25 0.0171875 0.06851851851851852
1 0.6263020833333334 0.24814814814814815 0.0171875 0.06851851851851852
1 0.62734375 0.3300925925925926 0.0171875 0.06759259259259259
1 0.53125 0.33240740740740743 0.01875 0.07407407407407407
1 0.43333333333333335 0.3314814814814815 0.017708333333333333 0.06481481481481481
1 0.33229166666666665 0.42777777777777776 0.017708333333333333 0.10185185185185185
1 0.39505208333333336 0.42962962962962964 0.0171875 0.10740740740740741
1 0.46067708333333335 0.4375 0.015104166666666667 0.1175925925925926
1 0.5265625 0.4351851851851852 0.017708333333333333 0.10925925925925926
1 0.59453125 0.4361111111111111 0.016145833333333335 0.11296296296296296
1 0.3377604166666667 0.5296296296296297 0.018229166666666668 0.11481481481481481
1 0.4049479166666667 0.5300925925925926 0.016145833333333335 0.11203703703703703
1 0.471875 0.5277777777777778 0.017708333333333333 0.11481481481481481
1 0.53984375 0.5296296296296297 0.018229166666666668 0.11481481481481481
1 0.6057291666666667 0.5310185185185186 0.017708333333333333 0.11574074074074074
1 0.6322916666666667 0.6310185185185185 0.017708333333333333 0.1175925925925926
1 0.5268229166666667 0.6296296296296297 0.0171875 0.11851851851851852
1 0.42135416666666664 0.6319444444444444 0.01875 0.1175925925925926
1 0.37083333333333335 0.7361111111111112 0.017708333333333333 0.11851851851851852
1 0.5072916666666667 0.7356481481481482 0.016666666666666666 0.12129629629629629
1 0.5020833333333333 0.825925925925926 0.021875 0.044444444444444446
