0 0.5966145833333333 0.5666666666666667 0.021354166666666667 0.037037037037037035
1 0.5153645833333333 0.17592592592592593 0.0140625 0.10185185185185185
1 0.50625 0.2513888888888889 0.016666666666666666 0.08055555555555556
1 0.6263020833333334 0.2518518518518518 0.015104166666666667 0.07962962962962963
1 0.6265625 0.3314814814814815 0.014583333333333334 0.06481481481481481
1 0.53046875 0.33240740740740743 0.016145833333333335 0.06481481481481481
1 0.43333333333333335 0.33101851851851855 0.017708333333333333 0.06018518518518518
1 0.3268229166666667 0.4351851851851852 0.0171875 0.11296296296296296
1 0.39140625 0.43472222222222223 0.0171875 0.11574074074074074
1 0.45703125 0.4337962962962963 0.015104166666666667 0.11574074074074074
1 0.5234375 0.4324074074074074 0.016666666666666666 0.10925925925925926
1 0.5880208333333333 0.43472222222222223 0.014583333333333334 0.11203703703703703
1 0.6236979166666666 0.524537037037037 0.013020833333333334 0.09537037037037037
1 0.5559895833333334 0.525 0.0171875 0.1
1 0.4890625 0.524537037037037 0.017708333333333333 0.09722222222222222
1 0.42109375 0.5226851851851851 0.018229166666666668 0.09351851851851851
1 0.35442708333333334 0.524074074074074 0.0171875 0.0962962962962963
1 0.421875 0.6305555555555555 0.01875 0.12037037037037036
1 0.5263020833333333 0.6291666666666667 0.0171875 0.11944444444444445
1 0.6307291666666667 0.6305555555555555 0.016666666666666666 0.11851851851851852
1 0.37109375 0.7342592592592593 0.018229166666666668 0.11851851851851852
1 0.5080729166666667 0.7337962962962963 0.0171875 0.12129629629629629
1 0.5028645833333333 0.8273148148148148 0.018229166666666668 0.05092592592592592
