1 0.5158854166666667 0.1736111111111111 0.018229166666666668 0.09351851851851851
1 0.45234375 0.25833333333333336 0.019270833333333334 0.1037037037037037
1 0.57109375 0.25601851851851853 0.015104166666666667 0.10462962962962963
0 0.56015625 0.32685185185185184 0.021354166666666667 0.040740740740740744
1 0.41875 0.3416666666666667 0.016666666666666666 0.1
1 0.515625 0.3398148148148148 0.014583333333333334 0.09444444444444444
1 0.61328125 0.3416666666666667 0.0140625 0.09259259259259259
1 0.5848958333333333 0.43333333333333335 0.016666666666666666 0.10740740740740741
1 0.5190104166666667 0.43333333333333335 0.016145833333333335 0.1037037037037037
1 0.4544270833333333 0.4305555555555556 0.016145833333333335 0.1
1 0.3885416666666667 0.43148148148148147 0.01875 0.1037037037037037
1 0.32447916666666665 0.4287037037037037 0.016666666666666666 0.09814814814814815
1 0.3377604166666667 0.5254629629629629 0.019270833333333334 0.09907407407407408
1 0.4041666666666667 0.5254629629629629 0.01875 0.10092592592592593
1 0.47161458333333334 0.5254629629629629 0.0171875 0.10462962962962963
1 0.5388020833333333 0.5254629629629629 0.0171875 0.09907407407407408
1 0.60546875 0.525 0.0171875 0.09814814814814815
1 0.6325520833333333 0.6314814814814815 0.018229166666666668 0.12222222222222222
1 0.52734375 0.6291666666666667 0.0171875 0.12129629629629629
1 0.42213541666666665 0.6291666666666667 0.019270833333333334 0.1175925925925926
1 0.4075520833333333 0.7175925925925926 0.0171875 0.040740740740740744
1 0.5440104166666667 0.7180555555555556 0.0171875 0.04351851851851852
1 0.5005208333333333 0.8300925925925926 0.022916666666666665 0.04722222222222222
