0 0.42552083333333335 0.3958333333333333 0.025 0.032407407407407406
1 0.4583333333333333 0.17685185185185184 0.014583333333333334 0.1037037037037037
1 0.4236979166666667 0.2569444444444444 0.018229166666666668 0.10462962962962963
1 0.54375 0.25787037037037036 0.016666666666666666 0.10833333333333334
1 0.3268229166666667 0.43425925925925923 0.019270833333333334 0.1111111111111111
1 0.39140625 0.43472222222222223 0.018229166666666668 0.11018518518518519
1 0.45598958333333334 0.43472222222222223 0.016145833333333335 0.11203703703703703
1 0.5221354166666666 0.43287037037037035 0.018229166666666668 0.11388888888888889
1 0.5875 0.4361111111111111 0.016666666666666666 0.1111111111111111
1 0.5666666666666667 0.5296296296296297 0.017708333333333333 0.10740740740740741
1 0.5005208333333333 0.5291666666666667 0.019791666666666666 0.10648148148148148
1 0.4317708333333333 0.5268518518518519 0.01875 0.10555555555555556
1 0.3653645833333333 0.5268518518518519 0.0171875 0.10555555555555556
1 0.2986979166666667 0.5263888888888889 0.0171875 0.10648148148148148
1 0.421875 0.6277777777777778 0.017708333333333333 0.11481481481481481
1 0.5268229166666667 0.6300925925925925 0.0171875 0.12129629629629629
1 0.6315104166666666 0.6310185185185185 0.0171875 0.12314814814814815
1 0.471875 0.7203703703703703 0.016666666666666666 0.044444444444444446
1 0.33541666666666664 0.7166666666666667 0.01875 0.046296296296296294
1 0.41875 0.8273148148148148 0.019791666666666666 0.04537037037037037
