0 0.584375 0.3824074074074074 0.019791666666666666 0.037037037037037035
1 0.50859375 0.1763888888888889 0.016145833333333335 0.10648148148148148
1 0.46536458333333336 0.2569444444444444 0.016145833333333335 0.10648148148148148
1 0.58671875 0.2564814814814815 0.016145833333333335 0.10925925925925926
1 0.36822916666666666 0.4166666666666667 0.01875 0.06851851851851852
1 0.43255208333333334 0.41759259259259257 0.018229166666666668 0.06666666666666667
1 0.4981770833333333 0.41898148148148145 0.0171875 0.06944444444444445
1 0.5635416666666667 0.4185185185185185 0.01875 0.06851851851851852
1 0.6291666666666667 0.4203703703703704 0.019791666666666666 0.07037037037037037
1 0.2989583333333333 0.5259259259259259 0.020833333333333332 0.1
1 0.36614583333333334 0.5273148148148148 0.019791666666666666 0.10648148148148148
1 0.43333333333333335 0.5282407407407408 0.01875 0.10462962962962963
1 0.5005208333333333 0.5287037037037037 0.017708333333333333 0.10185185185185185
1 0.565625 0.5282407407407408 0.017708333333333333 0.10648148148148148
1 0.42161458333333335 0.6291666666666667 0.019270833333333334 0.11944444444444445
1 0.5268229166666667 0.6296296296296297 0.0203125 0.12037037037037036
1 0.6322916666666667 0.6310185185185185 0.01875 0.11944444444444445
1 0.49609375 0.7180555555555556 0.0171875 0.062037037037037036
1 0.36041666666666666 0.7175925925925926 0.020833333333333332 0.06481481481481481
1 0.4471354166666667 0.8310185185185185 0.021354166666666667 0.03796296296296296
