0 0.42916666666666664 0.37916666666666665 0.020833333333333332 0.030555555555555555
1 0.4434895833333333 0.1787037037037037 0.019270833333333334 0.10740740740740741
1 0.42213541666666665 0.24074074074074073 0.0234375 0.04259259259259259
1 0.5463541666666667 0.24305555555555555 0.030208333333333334 0.05277777777777778
1 0.5104166666666666 0.3435185185185185 0.017708333333333333 0.1037037037037037
1 0.4125 0.34305555555555556 0.01875 0.09907407407407408
1 0.31692708333333336 0.3402777777777778 0.019270833333333334 0.09351851851851851
1 0.36875 0.41805555555555557 0.016666666666666666 0.06944444444444445
1 0.43255208333333334 0.41805555555555557 0.018229166666666668 0.06759259259259259
1 0.4979166666666667 0.41712962962962963 0.015625 0.07314814814814814
1 0.5635416666666667 0.4185185185185185 0.017708333333333333 0.07222222222222222
1 0.6291666666666667 0.41805555555555557 0.017708333333333333 0.07314814814814814
1 0.30026041666666664 0.5273148148148148 0.018229166666666668 0.10277777777777777
1 0.365625 0.5259259259259259 0.01875 0.1
1 0.4328125 0.5268518518518519 0.01875 0.1037037037037037
1 0.5002604166666667 0.5277777777777778 0.018229166666666668 0.10555555555555556
1 0.5669270833333333 0.5282407407407408 0.0171875 0.10462962962962963
1 0.421875 0.6300925925925925 0.017708333333333333 0.12314814814814815
1 0.5265625 0.6310185185185185 0.019791666666666666 0.12129629629629629
1 0.6322916666666667 0.6319444444444444 0.017708333333333333 0.12129629629629629
1 0.47994791666666664 0.7212962962962963 0.019270833333333334 0.06481481481481481
1 0.34322916666666664 0.7180555555555556 0.019791666666666666 0.06388888888888888
1 0.4296875 0.8305555555555556 0.023958333333333335 0.044444444444444446
