0 0.43020833333333336 0.37824074074074077 0.020833333333333332 0.032407407407407406
1 0.44973958333333336 0.17592592592592593 0.0140625 0.1037037037037037
1 0.44296875 0.24259259259259258 0.016145833333333335 0.04259259259259259
1 0.56484375 0.2439814814814815 0.0171875 0.04722222222222222
1 0.315625 0.3398148148148148 0.01875 0.0962962962962963
1 0.4125 0.34120370370370373 0.01875 0.09166666666666666
1 0.5096354166666667 0.3402777777777778 0.018229166666666668 0.09722222222222222
1 0.36796875 0.4162037037037037 0.0203125 0.0712962962962963
1 0.43203125 0.41805555555555557 0.0203125 0.07314814814814814
1 0.4986979166666667 0.41759259259259257 0.019270833333333334 0.07407407407407407
1 0.5643229166666667 0.41805555555555557 0.018229166666666668 0.07314814814814814
1 0.6283854166666667 0.41805555555555557 0.018229166666666668 0.075
1 0.29921875 0.524537037037037 0.019270833333333334 0.09722222222222222
1 0.3651041666666667 0.5254629629629629 0.01875 0.10277777777777777
1 0.4328125 0.525 0.01875 0.10185185185185185
1 0.49947916666666664 0.525 0.016666666666666666 0.10185185185185185
1 0.5669270833333333 0.5282407407407408 0.016145833333333335 0.10277777777777777
1 0.6325520833333333 0.6328703703703704 0.018229166666666668 0.11944444444444445
1 0.5268229166666667 0.6291666666666667 0.019270833333333334 0.12129629629629629
1 0.42239583333333336 0.6300925925925925 0.020833333333333332 0.11944444444444445
1 0.3424479166666667 0.7180555555555556 0.019270833333333334 0.06759259259259259
1 0.47994791666666664 0.7189814814814814 0.018229166666666668 0.06574074074074074
1 0.43020833333333336 0.8263888888888888 0.022916666666666665 0.05092592592592592
