0 0.56328125 0.3763888888888889 0.0234375 0.032407407407407406
1 0.44244791666666666 0.1763888888888889 0.018229166666666668 0.10462962962962963
1 0.5065104166666666 0.25416666666666665 0.0171875 0.09166666666666666
1 0.6278645833333333 0.25324074074074077 0.015104166666666667 0.09537037037037037
1 0.5846354166666666 0.34120370370370373 0.015104166666666667 0.09351851851851851
1 0.48723958333333334 0.3384259259259259 0.016145833333333335 0.09166666666666666
1 0.38984375 0.3388888888888889 0.016145833333333335 0.09259259259259259
1 0.36822916666666666 0.41759259259259257 0.016666666666666666 0.07037037037037037
1 0.43333333333333335 0.41574074074074074 0.016666666666666666 0.07222222222222222
1 0.4981770833333333 0.4162037037037037 0.018229166666666668 0.0712962962962963
1 0.5643229166666667 0.41759259259259257 0.0171875 0.07592592592592592
1 0.6294270833333333 0.41712962962962963 0.018229166666666668 0.06944444444444445
1 0.5666666666666667 0.5273148148148148 0.01875 0.09907407407407408
1 0.5 0.5259259259259259 0.016666666666666666 0.1
1 0.43255208333333334 0.524074074074074 0.0171875 0.10185185185185185
1 0.36666666666666664 0.525 0.017708333333333333 0.09814814814814815
1 0.29973958333333334 0.524074074074074 0.0171875 0.0962962962962963
1 0.42135416666666664 0.6287037037037037 0.014583333333333334 0.11666666666666667
1 0.5268229166666667 0.6287037037037037 0.019270833333333334 0.12222222222222222
1 0.6317708333333333 0.6310185185185185 0.016666666666666666 0.1175925925925926
1 0.4791666666666667 0.7194444444444444 0.015625 0.06481481481481481
1 0.34322916666666664 0.7180555555555556 0.01875 0.058333333333333334
1 0.4278645833333333 0.825 0.0203125 0.044444444444444446
