0 0.44583333333333336 0.3726851851851852 0.016666666666666666 0.03425925925925926
1 0.45 0.17824074074074073 0.026041666666666668 0.10648148148148148
1 0.4895833333333333 0.2550925925925926 0.01875 0.09166666666666666
1 0.6078125 0.2537037037037037 0.016666666666666666 0.09074074074074075
1 0.5260416666666666 0.337037037037037 0.016666666666666666 0.07962962962962963
1 0.42890625 0.337037037037037 0.015104166666666667 0.07777777777777778
1 0.3333333333333333 0.337037037037037 0.017708333333333333 0.07592592592592592
1 0.36822916666666666 0.41712962962962963 0.017708333333333333 0.06759259259259259
1 0.4328125 0.41712962962962963 0.016666666666666666 0.06944444444444445
1 0.4981770833333333 0.41759259259259257 0.0171875 0.06851851851851852
1 0.5640625 0.41805555555555557 0.016666666666666666 0.06944444444444445
1 0.6296875 0.4199074074074074 0.016666666666666666 0.0712962962962963
1 0.29921875 0.524074074074074 0.019270833333333334 0.09444444444444444
1 0.3658854166666667 0.5259259259259259 0.019270833333333334 0.09814814814814815
1 0.43307291666666664 0.5254629629629629 0.0171875 0.09537037037037037
1 0.5002604166666667 0.524537037037037 0.016145833333333335 0.09537037037037037
1 0.5666666666666667 0.5268518518518519 0.016666666666666666 0.0962962962962963
1 0.421875 0.6296296296296297 0.015625 0.11851851851851852
1 0.5268229166666667 0.6300925925925925 0.018229166666666668 0.12129629629629629
1 0.6315104166666666 0.6314814814814815 0.0171875 0.12222222222222222
1 0.4796875 0.7208333333333333 0.016666666666666666 0.06759259259259259
1 0.34348958333333335 0.7189814814814814 0.021354166666666667 0.06388888888888888
1 0.42734375 0.8245370370370371 0.018229166666666668 0.049074074074074076
