0 0.4276041666666667 0.36666666666666664 0.01875 0.03333333333333333
1 0.49765625 0.17592592592592593 0.0140625 0.1037037037037037
1 0.4432291666666667 0.24537037037037038 0.014583333333333334 0.06296296296296296
1 0.5627604166666667 0.2490740740740741 0.015104166666666667 0.06851851851851852
1 0.5072916666666667 0.3337962962962963 0.015625 0.07314814814814814
1 0.409375 0.3333333333333333 0.017708333333333333 0.07592592592592592
1 0.31354166666666666 0.33240740740740743 0.019791666666666666 0.07407407407407407
1 0.36770833333333336 0.41712962962962963 0.017708333333333333 0.06944444444444445
1 0.4328125 0.4166666666666667 0.017708333333333333 0.07037037037037037
1 0.4979166666666667 0.41759259259259257 0.017708333333333333 0.07222222222222222
1 0.5635416666666667 0.41944444444444445 0.016666666666666666 0.07037037037037037
1 0.62890625 0.4185185185185185 0.018229166666666668 0.07407407407407407
1 0.5666666666666667 0.5268518518518519 0.016666666666666666 0.09814814814814815
1 0.5005208333333333 0.525 0.016666666666666666 0.09814814814814815
1 0.43385416666666665 0.525 0.019791666666666666 0.1
1 0.3653645833333333 0.525 0.0203125 0.0962962962962963
1 0.29973958333333334 0.5236111111111111 0.018229166666666668 0.09351851851851851
1 0.42135416666666664 0.6305555555555555 0.017708333333333333 0.12222222222222222
1 0.5268229166666667 0.6291666666666667 0.018229166666666668 0.12129629629629629
1 0.63125 0.6319444444444444 0.016666666666666666 0.12129629629629629
1 0.34348958333333335 0.7175925925925926 0.0203125 0.06481481481481481
1 0.47942708333333334 0.7180555555555556 0.0171875 0.06018518518518518
1 0.42630208333333336 0.8277777777777777 0.019270833333333334 0.040740740740740744
