0 0.3815104166666667 0.3814814814814815 0.021354166666666667 0.03888888888888889
1 0.434375 0.17731481481481481 0.015625 0.10462962962962963
1 0.39401041666666664 0.23055555555555557 0.018229166666666668 0.08703703703703704
1 0.5143229166666666 0.23194444444444445 0.021354166666666667 0.09537037037037037
1 0.559375 0.3449074074074074 0.015625 0.11018518518518519
1 0.46145833333333336 0.33425925925925926 0.014583333333333334 0.09259259259259259
1 0.3640625 0.34120370370370373 0.014583333333333334 0.10648148148148148
1 0.3328125 0.43287037037037035 0.015625 0.11018518518518519
1 0.39739583333333334 0.43287037037037035 0.013541666666666667 0.11018518518518519
1 0.4625 0.43287037037037035 0.015625 0.10833333333333334
1 0.52890625 0.4324074074074074 0.0171875 0.10925925925925926
1 0.5940104166666667 0.4351851851851852 0.0171875 0.11296296296296296
1 0.3 0.524537037037037 0.01875 0.09537037037037037
1 0.3653645833333333 0.524074074074074 0.0171875 0.09814814814814815
1 0.4328125 0.524537037037037 0.016666666666666666 0.09722222222222222
1 0.49947916666666664 0.5254629629629629 0.016666666666666666 0.09907407407407408
1 0.56640625 0.5259259259259259 0.016145833333333335 0.1
1 0.4205729166666667 0.6296296296296297 0.0171875 0.12037037037037036
1 0.5263020833333333 0.6300925925925925 0.0171875 0.12314814814814815
1 0.63203125 0.6319444444444444 0.0171875 0.11574074074074074
1 0.34322916666666664 0.7175925925925926 0.019791666666666666 0.06296296296296296
1 0.4791666666666667 0.7194444444444444 0.017708333333333333 0.06296296296296296
1 0.4278645833333333 0.825925925925926 0.0203125 0.04814814814814815
