0 0.4283854166666667 0.3662037037037037 0.018229166666666668 0.03425925925925926
1 0.48723958333333334 0.17592592592592593 0.021354166666666667 0.09814814814814815
1 0.40989583333333335 0.33240740740740743 0.01875 0.07222222222222222
1 0.5067708333333333 0.33287037037037037 0.017708333333333333 0.0712962962962963
1 0.31354166666666666 0.33287037037037037 0.01875 0.0712962962962963
1 0.3684895833333333 0.4185185185185185 0.018229166666666668 0.07407407407407407
1 0.43203125 0.41712962962962963 0.019270833333333334 0.0712962962962963
1 0.4981770833333333 0.41805555555555557 0.018229166666666668 0.07314814814814814
1 0.56328125 0.41712962962962963 0.0171875 0.0712962962962963
1 0.6286458333333333 0.41944444444444445 0.017708333333333333 0.07037037037037037
1 0.5671875 0.5277777777777778 0.016666666666666666 0.1
1 0.49947916666666664 0.5254629629629629 0.017708333333333333 0.09722222222222222
1 0.4322916666666667 0.5259259259259259 0.017708333333333333 0.0962962962962963
1 0.36614583333333334 0.525 0.01875 0.1037037037037037
1 0.2994791666666667 0.5231481481481481 0.01875 0.09444444444444444
1 0.421875 0.6296296296296297 0.016666666666666666 0.11666666666666667
1 0.5263020833333333 0.6305555555555555 0.018229166666666668 0.11666666666666667
1 0.6328125 0.6328703703703704 0.01875 0.11944444444444445
1 0.4791666666666667 0.7194444444444444 0.016666666666666666 0.06296296296296296
1 0.34322916666666664 0.7194444444444444 0.021875 0.06481481481481481
1 0.4278645833333333 0.825925925925926 0.0203125 0.05185185185185185
