1 0.4354166666666667 0.17777777777777778 0.016666666666666666 0.10740740740740741
1 0.49114583333333334 0.24814814814814815 0.014583333333333334 0.06851851851851852
1 0.6109375 0.24861111111111112 0.016666666666666666 0.0712962962962963
1 0.5346354166666667 0.3439814814814815 0.016145833333333335 0.10648148148148148
1 0.43776041666666665 0.3453703703703704 0.013020833333333334 0.1037037037037037
1 0.34036458333333336 0.3421296296296296 0.011979166666666667 0.10648148148148148
1 0.36796875 0.41759259259259257 0.0171875 0.06851851851851852
1 0.4322916666666667 0.41805555555555557 0.016666666666666666 0.06944444444444445
1 0.4984375 0.41759259259259257 0.016666666666666666 0.06851851851851852
1 0.5640625 0.41898148148148145 0.01875 0.06944444444444445
1 0.6286458333333333 0.41898148148148145 0.017708333333333333 0.0712962962962963
1 0.2989583333333333 0.524537037037037 0.01875 0.09537037037037037
1 0.36614583333333334 0.524537037037037 0.019791666666666666 0.09537037037037037
1 0.43333333333333335 0.5259259259259259 0.01875 0.09814814814814815
1 0.49973958333333335 0.5273148148148148 0.0140625 0.09537037037037037
1 0.5669270833333333 0.5273148148148148 0.016145833333333335 0.09907407407407408
1 0.6328125 0.6310185185185185 0.017708333333333333 0.11944444444444445
1 0.5268229166666667 0.6300925925925925 0.016145833333333335 0.1175925925925926
1 0.42135416666666664 0.6287037037037037 0.016666666666666666 0.11851851851851852
1 0.3424479166666667 0.7203703703703703 0.018229166666666668 0.06296296296296296
1 0.4796875 0.7189814814814814 0.017708333333333333 0.06574074074074074
1 0.4276041666666667 0.8240740740740741 0.021875 0.05
