0 0.42291666666666666 0.29398148148148145 0.019791666666666666 0.03425925925925926
1 0.4348958333333333 0.17731481481481481 0.013541666666666667 0.10092592592592593
1 0.4744791666666667 0.25787037037037036 0.015625 0.09907407407407408
1 0.5942708333333333 0.2587962962962963 0.015625 0.10277777777777777
1 0.5111979166666667 0.3375 0.016145833333333335 0.0787037037037037
1 0.41380208333333335 0.3384259259259259 0.016145833333333335 0.0787037037037037
1 0.31744791666666666 0.3375 0.0171875 0.07685185185185185
1 0.36744791666666665 0.41759259259259257 0.0171875 0.06666666666666667
1 0.4317708333333333 0.41805555555555557 0.015625 0.06759259259259259
1 0.4979166666666667 0.41805555555555557 0.016666666666666666 0.06944444444444445
1 0.5638020833333334 0.41898148148148145 0.018229166666666668 0.06944444444444445
1 0.6291666666666667 0.41898148148148145 0.016666666666666666 0.06944444444444445
1 0.2994791666666667 0.5259259259259259 0.017708333333333333 0.09259259259259259
1 0.3653645833333333 0.525 0.018229166666666668 0.0962962962962963
1 0.4328125 0.524537037037037 0.015625 0.09537037037037037
1 0.49973958333333335 0.5259259259259259 0.015104166666666667 0.09444444444444444
1 0.5669270833333333 0.5268518518518519 0.015104166666666667 0.09814814814814815
1 0.63203125 0.6314814814814815 0.0171875 0.11666666666666667
1 0.5270833333333333 0.6310185185185185 0.017708333333333333 0.1175925925925926
1 0.421875 0.6300925925925925 0.016666666666666666 0.11574074074074074
1 0.34296875 0.7180555555555556 0.019270833333333334 0.06018518518518518
1 0.4791666666666667 0.7171296296296297 0.016666666666666666 0.06018518518518518
1 0.4265625 0.825462962962963 0.017708333333333333 0.04722222222222222
