0 0.5950520833333334 0.30324074074074076 0.021354166666666667 0.03981481481481482
1 0.5151041666666667 0.17222222222222222 0.014583333333333334 0.08148148148148149
1 0.47552083333333334 0.2439814814814815 0.01875 0.032407407407407406
1 0.35598958333333336 0.24444444444444444 0.021354166666666667 0.03518518518518519
1 0.35052083333333334 0.4185185185185185 0.017708333333333333 0.03888888888888889
1 0.41510416666666666 0.41805555555555557 0.016666666666666666 0.032407407407407406
1 0.48020833333333335 0.4166666666666667 0.0125 0.03148148148148148
1 0.5453125 0.41759259259259257 0.014583333333333334 0.02962962962962963
1 0.6111979166666667 0.4203703703703704 0.015104166666666667 0.03518518518518519
1 0.35208333333333336 0.5273148148148148 0.016666666666666666 0.10092592592592593
1 0.4192708333333333 0.5263888888888889 0.015625 0.10092592592592593
1 0.4859375 0.5277777777777778 0.015625 0.1037037037037037
1 0.5536458333333333 0.5273148148148148 0.014583333333333334 0.10277777777777777
1 0.6205729166666667 0.5287037037037037 0.0171875 0.1037037037037037
1 0.42213541666666665 0.6291666666666667 0.016145833333333335 0.11944444444444445
1 0.5270833333333333 0.6291666666666667 0.016666666666666666 0.11574074074074074
1 0.6330729166666667 0.6319444444444444 0.016145833333333335 0.11574074074074074
1 0.5122395833333333 0.7245370370370371 0.0171875 0.0712962962962963
1 0.37604166666666666 0.7226851851851852 0.017708333333333333 0.07314814814814814
1 0.45989583333333334 0.8314814814814815 0.022916666666666665 0.03888888888888889
