0 0.578125 0.2875 0.01875 0.03611111111111111
1 0.5153645833333333 0.17222222222222222 0.016145833333333335 0.08148148148148149
1 0.48723958333333334 0.25416666666666665 0.018229166666666668 0.0824074074074074
1 0.6080729166666666 0.25277777777777777 0.018229166666666668 0.08148148148148149
1 0.5223958333333333 0.33564814814814814 0.016666666666666666 0.075
1 0.42578125 0.3351851851851852 0.018229166666666668 0.07962962962962963
1 0.32838541666666665 0.3337962962962963 0.018229166666666668 0.07314814814814814
1 0.35833333333333334 0.4199074074074074 0.01875 0.05277777777777778
1 0.42291666666666666 0.4217592592592593 0.017708333333333333 0.05277777777777778
1 0.48854166666666665 0.4222222222222222 0.017708333333333333 0.05740740740740741
1 0.5544270833333333 0.42314814814814816 0.018229166666666668 0.053703703703703705
1 0.61953125 0.42268518518518516 0.018229166666666668 0.05648148148148148
1 0.6125 0.5268518518518519 0.015625 0.08518518518518518
1 0.5458333333333333 0.5254629629629629 0.015625 0.08611111111111111
1 0.47942708333333334 0.524074074074074 0.016145833333333335 0.08703703703703704
1 0.4114583333333333 0.525 0.014583333333333334 0.08888888888888889
1 0.34401041666666665 0.5226851851851851 0.015104166666666667 0.08796296296296297
1 0.42083333333333334 0.6305555555555555 0.016666666666666666 0.11481481481481481
1 0.5265625 0.6300925925925925 0.01875 0.11574074074074074
1 0.6322916666666667 0.6324074074074074 0.017708333333333333 0.11851851851851852
1 0.5770833333333333 0.7180555555555556 0.016666666666666666 0.05092592592592592
1 0.4401041666666667 0.7175925925925926 0.016666666666666666 0.05
1 0.47552083333333334 0.8282407407407407 0.01875 0.04351851851851852
