0 0.37864583333333335 0.29444444444444445 0.01875 0.03333333333333333
1 0.5151041666666667 0.17175925925925925 0.014583333333333334 0.0787037037037037
1 0.4778645833333333 0.2513888888888889 0.016145833333333335 0.07685185185185185
1 0.35859375 0.2513888888888889 0.018229166666666668 0.08055555555555556
1 0.32057291666666665 0.33796296296296297 0.016145833333333335 0.08333333333333333
1 0.41692708333333334 0.3384259259259259 0.015104166666666667 0.08611111111111111
1 0.5151041666666667 0.33935185185185185 0.013541666666666667 0.08425925925925926
1 0.3203125 0.4217592592592593 0.017708333333333333 0.041666666666666664
1 0.3848958333333333 0.4222222222222222 0.016666666666666666 0.04259259259259259
1 0.44973958333333336 0.42268518518518516 0.016145833333333335 0.04351851851851852
1 0.51640625 0.4236111111111111 0.018229166666666668 0.04351851851851852
1 0.5809895833333333 0.4222222222222222 0.0171875 0.04259259259259259
1 0.34036458333333336 0.5175925925925926 0.0171875 0.07222222222222222
1 0.4078125 0.5194444444444445 0.015625 0.07222222222222222
1 0.4752604166666667 0.5208333333333334 0.016145833333333335 0.07314814814814814
1 0.5424479166666667 0.5208333333333334 0.016145833333333335 0.075
1 0.609375 0.5194444444444445 0.014583333333333334 0.07592592592592592
1 0.5091145833333334 0.6310185185185185 0.016145833333333335 0.1175925925925926
1 0.4036458333333333 0.6282407407407408 0.01875 0.11574074074074074
1 0.2989583333333333 0.624537037037037 0.015625 0.11944444444444445
1 0.42604166666666665 0.7171296296296297 0.017708333333333333 0.05648148148148148
1 0.5622395833333333 0.7175925925925926 0.018229166666666668 0.053703703703703705
1 0.4669270833333333 0.8273148148148148 0.022395833333333334 0.04722222222222222
