0 0.3671875 0.28379629629629627 0.017708333333333333 0.032407407407407406
1 0.44479166666666664 0.175 0.015625 0.0962962962962963
1 0.3497395833333333 0.25 0.018229166666666668 0.07407407407407407
1 0.46927083333333336 0.25092592592592594 0.014583333333333334 0.07222222222222222
1 0.32109375 0.33796296296296297 0.015104166666666667 0.0962962962962963
1 0.41822916666666665 0.34305555555555556 0.015625 0.10648148148148148
1 0.5153645833333333 0.33796296296296297 0.016145833333333335 0.0962962962962963
1 0.32057291666666665 0.41712962962962963 0.018229166666666668 0.06388888888888888
1 0.38515625 0.41898148148148145 0.0171875 0.06388888888888888
1 0.4505208333333333 0.41944444444444445 0.017708333333333333 0.06666666666666667
1 0.51640625 0.4203703703703704 0.019270833333333334 0.06481481481481481
1 0.58125 0.4203703703703704 0.017708333333333333 0.06481481481481481
1 0.3385416666666667 0.5143518518518518 0.01875 0.062037037037037036
1 0.40390625 0.5148148148148148 0.0140625 0.05555555555555555
1 0.47317708333333336 0.5199074074074074 0.011979166666666667 0.049074074074074076
1 0.5403645833333334 0.5157407407407407 0.0140625 0.05925925925925926
1 0.6067708333333334 0.5180555555555556 0.0125 0.06388888888888888
1 0.5002604166666667 0.6305555555555555 0.019270833333333334 0.11851851851851852
1 0.3963541666666667 0.6296296296296297 0.01875 0.12037037037037036
1 0.29140625 0.6277777777777778 0.0203125 0.11851851851851852
1 0.42473958333333334 0.7180555555555556 0.018229166666666668 0.058333333333333334
1 0.56171875 0.7185185185185186 0.019270833333333334 0.05555555555555555
1 0.4669270833333333 0.8245370370370371 0.019270833333333334 0.041666666666666664
