0 0.36666666666666664 0.28379629629629627 0.017708333333333333 0.03425925925925926
1 0.4432291666666667 0.17592592592592593 0.016666666666666666 0.10555555555555556
1 0.3502604166666667 0.25092592592592594 0.018229166666666668 0.07592592592592592
1 0.46953125 0.25046296296296294 0.015104166666666667 0.07314814814814814
1 0.33203125 0.3425925925925926 0.016145833333333335 0.10925925925925926
1 0.42864583333333334 0.3435185185185185 0.015625 0.10740740740740741
1 0.52578125 0.3425925925925926 0.015104166666666667 0.10740740740740741
1 0.32135416666666666 0.4185185185185185 0.017708333333333333 0.06111111111111111
1 0.3848958333333333 0.41898148148148145 0.017708333333333333 0.06388888888888888
1 0.45078125 0.4203703703703704 0.016145833333333335 0.06296296296296296
1 0.5169270833333334 0.4199074074074074 0.0171875 0.06388888888888888
1 0.5817708333333333 0.41898148148148145 0.016666666666666666 0.06574074074074074
1 0.31640625 0.5162037037037037 0.0203125 0.07314814814814814
1 0.38385416666666666 0.5185185185185185 0.01875 0.07407407407407407
1 0.45 0.5185185185185185 0.017708333333333333 0.07407407407407407
1 0.5169270833333334 0.5199074074074074 0.016145833333333335 0.075
1 0.5841145833333333 0.5208333333333334 0.0171875 0.07685185185185185
1 0.5010416666666667 0.6291666666666667 0.016666666666666666 0.1175925925925926
1 0.3958333333333333 0.6300925925925925 0.01875 0.12129629629629629
1 0.290625 0.6282407407407408 0.016666666666666666 0.11944444444444445
1 0.42526041666666664 0.7180555555555556 0.018229166666666668 0.058333333333333334
1 0.5619791666666667 0.7203703703703703 0.016666666666666666 0.06296296296296296
1 0.4671875 0.8263888888888888 0.01875 0.04722222222222222
