1 0.4453125 0.175 0.013541666666666667 0.0962962962962963
1 0.3307291666666667 0.34305555555555556 0.016666666666666666 0.10277777777777777
1 0.42734375 0.34305555555555556 0.018229166666666668 0.10462962962962963
1 0.525 0.3435185185185185 0.016666666666666666 0.10185185185185185
1 0.32109375 0.4185185185185185 0.018229166666666668 0.06296296296296296
1 0.38515625 0.4185185185185185 0.019270833333333334 0.06296296296296296
1 0.4510416666666667 0.41944444444444445 0.017708333333333333 0.06296296296296296
1 0.5161458333333333 0.41898148148148145 0.016666666666666666 0.06388888888888888
1 0.5817708333333333 0.41944444444444445 0.017708333333333333 0.06296296296296296
1 0.3203125 0.524074074074074 0.015625 0.08518518518518518
1 0.3893229166666667 0.5222222222222223 0.0171875 0.07962962962962963
1 0.45416666666666666 0.5212962962962963 0.015625 0.07777777777777778
1 0.5244791666666667 0.5212962962962963 0.017708333333333333 0.07592592592592592
1 0.5916666666666667 0.525 0.016666666666666666 0.08148148148148149
1 0.5020833333333333 0.6287037037037037 0.016666666666666666 0.11666666666666667
1 0.3963541666666667 0.6273148148148148 0.016666666666666666 0.11574074074074074
1 0.2908854166666667 0.6287037037037037 0.0171875 0.12037037037037036
1 0.42526041666666664 0.7189814814814814 0.019270833333333334 0.062037037037037036
1 0.5622395833333333 0.7194444444444444 0.0171875 0.06296296296296296
1 0.4674479166666667 0.8277777777777777 0.0203125 0.05185185185185185
