0 0.32083333333333336 0.5342592592592592 0.016666666666666666 0.027777777777777776
1 0.45807291666666666 0.17546296296296296 0.0140625 0.10092592592592593
1 0.4283854166666667 0.2462962962962963 0.016145833333333335 0.05185185185185185
1 0.5479166666666667 0.24675925925925926 0.015625 0.04722222222222222
1 0.5609375 0.3388888888888889 0.016666666666666666 0.08148148148148149
1 0.4640625 0.3384259259259259 0.015625 0.08425925925925926
1 0.3671875 0.3375 0.017708333333333333 0.0824074074074074
1 0.35989583333333336 0.4273148148148148 0.01875 0.0824074074074074
1 0.42291666666666666 0.4273148148148148 0.016666666666666666 0.08425925925925926
1 0.48984375 0.42777777777777776 0.016145833333333335 0.07777777777777778
1 0.55625 0.4287037037037037 0.01875 0.08703703703703704
1 0.6205729166666667 0.42824074074074076 0.016145833333333335 0.08611111111111111
1 0.30885416666666665 0.512962962962963 0.01875 0.044444444444444446
1 0.375 0.5148148148148148 0.017708333333333333 0.046296296296296294
1 0.4421875 0.5152777777777777 0.017708333333333333 0.04351851851851852
1 0.5106770833333333 0.5148148148148148 0.0171875 0.04259259259259259
1 0.57734375 0.5152777777777777 0.0171875 0.04537037037037037
1 0.5013020833333334 0.6300925925925925 0.0171875 0.11574074074074074
1 0.39557291666666666 0.6282407407407408 0.0171875 0.11203703703703703
1 0.2916666666666667 0.6273148148148148 0.017708333333333333 0.11388888888888889
1 0.39140625 0.7287037037037037 0.018229166666666668 0.09074074074074075
1 0.5286458333333334 0.7305555555555555 0.016666666666666666 0.08888888888888889
1 0.44765625 0.8314814814814815 0.0203125 0.03333333333333333
