0 0.5078125 0.5930555555555556 0.019791666666666666 0.030555555555555555
1 0.4981770833333333 0.1763888888888889 0.015104166666666667 0.10277777777777777
1 0.47552083333333334 0.25 0.015625 0.06481481481481481
1 0.5955729166666667 0.24953703703703703 0.016145833333333335 0.06574074074074074
1 0.5755208333333334 0.33101851851851855 0.015625 0.05648148148148148
1 0.4786458333333333 0.3277777777777778 0.016666666666666666 0.06296296296296296
1 0.38177083333333334 0.32916666666666666 0.017708333333333333 0.058333333333333334
1 0.35182291666666665 0.4287037037037037 0.0171875 0.09814814814814815
1 0.4166666666666667 0.42962962962962964 0.015625 0.09074074074074075
1 0.48203125 0.4310185185185185 0.015104166666666667 0.09537037037037037
1 0.5479166666666667 0.4300925925925926 0.014583333333333334 0.09537037037037037
1 0.6138020833333333 0.4305555555555556 0.015104166666666667 0.09259259259259259
1 0.5713541666666667 0.5296296296296297 0.014583333333333334 0.11481481481481481
1 0.5041666666666667 0.5310185185185186 0.016666666666666666 0.11388888888888889
1 0.4375 0.5277777777777778 0.016666666666666666 0.10925925925925926
1 0.3697916666666667 0.5287037037037037 0.014583333333333334 0.11481481481481481
1 0.3026041666666667 0.5287037037037037 0.014583333333333334 0.11296296296296296
1 0.42135416666666664 0.6300925925925925 0.017708333333333333 0.11574074074074074
1 0.5268229166666667 0.6310185185185185 0.0171875 0.1175925925925926
1 0.6315104166666666 0.6319444444444444 0.0171875 0.11388888888888889
1 0.478125 0.7337962962962963 0.016666666666666666 0.10092592592592593
1 0.34036458333333336 0.7300925925925926 0.0171875 0.10277777777777777
1 0.4557291666666667 0.8324074074074074 0.019791666666666666 0.03518518518518519
