1 0.5153645833333333 0.17453703703703705 0.015104166666666667 0.09907407407407408
1 0.50625 0.25277777777777777 0.014583333333333334 0.07777777777777778
1 0.6265625 0.2518518518518518 0.013541666666666667 0.07777777777777778
1 0.6276041666666666 0.3300925925925926 0.015625 0.05462962962962963
1 0.5309895833333333 0.32916666666666666 0.016145833333333335 0.05092592592592592
1 0.43333333333333335 0.3277777777777778 0.016666666666666666 0.05
1 0.35182291666666665 0.4263888888888889 0.0171875 0.08055555555555556
1 0.4153645833333333 0.4287037037037037 0.011979166666666667 0.08148148148148149
1 0.4822916666666667 0.4273148148148148 0.016666666666666666 0.0787037037037037
1 0.5442708333333334 0.4287037037037037 0.017708333333333333 0.08518518518518518
1 0.6119791666666666 0.4300925925925926 0.015625 0.08611111111111111
1 0.621875 0.5287037037037037 0.013541666666666667 0.1
1 0.5557291666666667 0.5305555555555556 0.017708333333333333 0.11296296296296296
1 0.48854166666666665 0.5287037037037037 0.014583333333333334 0.11296296296296296
1 0.42161458333333335 0.5226851851851851 0.016145833333333335 0.10092592592592593
1 0.3536458333333333 0.5291666666666667 0.016666666666666666 0.11018518518518519
1 0.42109375 0.6291666666666667 0.0171875 0.1175925925925926
1 0.5270833333333333 0.6314814814814815 0.01875 0.11851851851851852
1 0.6322916666666667 0.6324074074074074 0.016666666666666666 0.11666666666666667
1 0.3645833333333333 0.7333333333333333 0.017708333333333333 0.11666666666666667
1 0.5013020833333334 0.7347222222222223 0.0171875 0.11574074074074074
1 0.5036458333333333 0.825462962962963 0.021875 0.049074074074074076
