0 0.5651041666666666 0.5694444444444444 0.021875 0.03518518518518519
1 0.5153645833333333 0.17546296296296296 0.015104166666666667 0.09722222222222222
1 0.5067708333333333 0.24953703703703703 0.015625 0.0712962962962963
1 0.6260416666666667 0.25 0.014583333333333334 0.06851851851851852
1 0.6276041666666666 0.3282407407407407 0.016666666666666666 0.05462962962962963
1 0.53046875 0.32916666666666666 0.016145833333333335 0.05462962962962963
1 0.43333333333333335 0.32685185185185184 0.017708333333333333 0.053703703703703705
1 0.35234375 0.42777777777777776 0.019270833333333334 0.08333333333333333
1 0.415625 0.425462962962963 0.017708333333333333 0.075
1 0.48072916666666665 0.42592592592592593 0.014583333333333334 0.07407407407407407
1 0.5466145833333333 0.42777777777777776 0.018229166666666668 0.07777777777777778
1 0.6135416666666667 0.42824074074074076 0.019791666666666666 0.07685185185185185
1 0.6098958333333333 0.5310185185185186 0.014583333333333334 0.11388888888888889
1 0.5434895833333333 0.5310185185185186 0.015104166666666667 0.11388888888888889
1 0.47604166666666664 0.5300925925925926 0.016666666666666666 0.11203703703703703
1 0.4078125 0.5300925925925926 0.016666666666666666 0.11203703703703703
1 0.34140625 0.5287037037037037 0.016145833333333335 0.11296296296296296
1 0.42161458333333335 0.6291666666666667 0.016145833333333335 0.1175925925925926
1 0.5265625 0.6291666666666667 0.017708333333333333 0.11574074074074074
1 0.6325520833333333 0.6319444444444444 0.0171875 0.11574074074074074
1 0.5015625 0.7351851851851852 0.016666666666666666 0.11481481481481481
1 0.3645833333333333 0.7328703703703704 0.01875 0.11574074074074074
1 0.5018229166666667 0.825 0.0203125 0.05
