0 0.5921875 0.5708333333333333 0.019791666666666666 0.03611111111111111
1 0.515625 0.1736111111111111 0.016666666666666666 0.09907407407407408
1 0.5065104166666666 0.2518518518518518 0.015104166666666667 0.07037037037037037
1 0.6265625 0.2513888888888889 0.015625 0.0712962962962963
1 0.6270833333333333 0.32685185185185184 0.016666666666666666 0.05740740740740741
1 0.53125 0.3282407407407407 0.01875 0.058333333333333334
1 0.43333333333333335 0.32685185185185184 0.017708333333333333 0.05
1 0.32057291666666665 0.43333333333333335 0.016145833333333335 0.11296296296296296
1 0.38567708333333334 0.4337962962962963 0.0171875 0.11388888888888889
1 0.4513020833333333 0.43425925925925923 0.016145833333333335 0.1111111111111111
1 0.5171875 0.4351851851851852 0.017708333333333333 0.1111111111111111
1 0.58203125 0.43425925925925923 0.018229166666666668 0.11481481481481481
1 0.6255208333333333 0.5296296296296297 0.019791666666666666 0.11666666666666667
1 0.55859375 0.5314814814814814 0.0171875 0.11481481481481481
1 0.4908854166666667 0.5314814814814814 0.018229166666666668 0.11481481481481481
1 0.4231770833333333 0.5263888888888889 0.0171875 0.11018518518518519
1 0.3567708333333333 0.5291666666666667 0.017708333333333333 0.11203703703703703
1 0.42109375 0.6296296296296297 0.0171875 0.11666666666666667
1 0.5268229166666667 0.6296296296296297 0.0171875 0.11666666666666667
1 0.6317708333333333 0.6319444444444444 0.016666666666666666 0.11944444444444445
1 0.36484375 0.7337962962962963 0.018229166666666668 0.11574074074074074
1 0.5020833333333333 0.7351851851851852 0.01875 0.11666666666666667
1 0.503125 0.8245370370370371 0.021875 0.04537037037037037
