0 0.5497395833333333 0.5476851851851852 0.021354166666666667 0.03796296296296296
1 0.4890625 0.17685185185185184 0.015625 0.1037037037037037
1 0.45729166666666665 0.24675925925925926 0.016666666666666666 0.06388888888888888
1 0.5768229166666666 0.24861111111111112 0.015104166666666667 0.058333333333333334
1 0.628125 0.33055555555555555 0.015625 0.06111111111111111
1 0.5299479166666666 0.33101851851851855 0.018229166666666668 0.062037037037037036
1 0.43359375 0.32916666666666666 0.0171875 0.058333333333333334
1 0.34270833333333334 0.42685185185185187 0.016666666666666666 0.07962962962962963
1 0.40651041666666665 0.4263888888888889 0.016145833333333335 0.08055555555555556
1 0.4734375 0.42777777777777776 0.015625 0.07777777777777778
1 0.5385416666666667 0.4263888888888889 0.016666666666666666 0.08055555555555556
1 0.6036458333333333 0.42916666666666664 0.017708333333333333 0.08055555555555556
1 0.3190104166666667 0.5148148148148148 0.019270833333333334 0.06111111111111111
1 0.3854166666666667 0.5152777777777777 0.015625 0.06388888888888888
1 0.45260416666666664 0.5138888888888888 0.016666666666666666 0.06296296296296296
1 0.5208333333333334 0.5171296296296296 0.015625 0.06388888888888888
1 0.5869791666666667 0.5166666666666667 0.015625 0.06111111111111111
1 0.6041666666666666 0.6305555555555555 0.016666666666666666 0.12222222222222222
1 0.50078125 0.6273148148148148 0.015104166666666667 0.10092592592592593
1 0.39453125 0.6287037037037037 0.016145833333333335 0.11851851851851852
1 0.36484375 0.7337962962962963 0.0171875 0.11388888888888889
1 0.5005208333333333 0.7361111111111112 0.016666666666666666 0.11296296296296296
1 0.503125 0.8263888888888888 0.019791666666666666 0.05092592592592592
