0 0.6080729166666666 0.5805555555555556 0.019270833333333334 0.037037037037037035
1 0.4953125 0.1763888888888889 0.016666666666666666 0.10462962962962963
1 0.4703125 0.24861111111111112 0.015625 0.06574074074074074
1 0.5916666666666667 0.24861111111111112 0.013541666666666667 0.06388888888888888
1 0.53046875 0.3314814814814815 0.016145833333333335 0.05925925925925926
1 0.62734375 0.33055555555555555 0.013020833333333334 0.05740740740740741
1 0.43307291666666664 0.3282407407407407 0.0171875 0.058333333333333334
1 0.36614583333333334 0.4166666666666667 0.014583333333333334 0.04259259259259259
1 0.43020833333333336 0.41574074074074074 0.013541666666666667 0.046296296296296294
1 0.4953125 0.41435185185185186 0.013541666666666667 0.03981481481481482
1 0.5609375 0.41898148148148145 0.015625 0.04537037037037037
1 0.6260416666666667 0.41944444444444445 0.016666666666666666 0.046296296296296294
1 0.3578125 0.5277777777777778 0.017708333333333333 0.1111111111111111
1 0.42421875 0.5259259259259259 0.015104166666666667 0.10185185185185185
1 0.49114583333333334 0.5287037037037037 0.014583333333333334 0.10925925925925926
1 0.5591145833333333 0.5319444444444444 0.0171875 0.11203703703703703
1 0.6260416666666667 0.5287037037037037 0.015625 0.10925925925925926
1 0.6325520833333333 0.6291666666666667 0.018229166666666668 0.12314814814814815
1 0.5265625 0.6291666666666667 0.016666666666666666 0.1175925925925926
1 0.42083333333333334 0.6291666666666667 0.017708333333333333 0.1175925925925926
1 0.3645833333333333 0.7342592592592593 0.017708333333333333 0.11666666666666667
1 0.5013020833333334 0.7347222222222223 0.016145833333333335 0.11574074074074074
1 0.50234375 0.825925925925926 0.021354166666666667 0.04814814814814815
