0 0.5708333333333333 0.5814814814814815 0.022916666666666665 0.040740740740740744
1 0.51484375 0.17592592592592593 0.015104166666666667 0.1037037037037037
1 0.50703125 0.25092592592592594 0.016145833333333335 0.06666666666666667
1 0.6252604166666667 0.25046296296296294 0.013020833333333334 0.06574074074074074
1 0.4348958333333333 0.3277777777777778 0.017708333333333333 0.05925925925925926
1 0.5309895833333333 0.3300925925925926 0.0171875 0.058333333333333334
1 0.6276041666666666 0.3300925925925926 0.015625 0.06018518518518518
1 0.5940104166666667 0.43194444444444446 0.015104166666666667 0.09907407407407408
1 0.528125 0.4337962962962963 0.014583333333333334 0.09907407407407408
1 0.46380208333333334 0.4324074074074074 0.0171875 0.1
1 0.3966145833333333 0.4305555555555556 0.0203125 0.10185185185185185
1 0.33307291666666666 0.43194444444444446 0.016145833333333335 0.09907407407407408
1 0.34479166666666666 0.5305555555555556 0.015625 0.11296296296296296
1 0.41119791666666666 0.5291666666666667 0.015104166666666667 0.11203703703703703
1 0.4791666666666667 0.5300925925925926 0.015625 0.11203703703703703
1 0.5466145833333333 0.5310185185185186 0.016145833333333335 0.11388888888888889
1 0.6135416666666667 0.5300925925925926 0.015625 0.11203703703703703
1 0.63203125 0.6305555555555555 0.0171875 0.11851851851851852
1 0.5268229166666667 0.6296296296296297 0.016145833333333335 0.11666666666666667
1 0.4205729166666667 0.6291666666666667 0.015104166666666667 0.12314814814814815
1 0.3645833333333333 0.7337962962962963 0.017708333333333333 0.11203703703703703
1 0.5013020833333334 0.7347222222222223 0.016145833333333335 0.11388888888888889
1 0.5033854166666667 0.825462962962963 0.0171875 0.049074074074074076
