0 0.5864583333333333 0.5657407407407408 0.025 0.044444444444444446
1 0.5153645833333333 0.17453703703703705 0.016145833333333335 0.10092592592592593
1 0.5072916666666667 0.2490740740740741 0.015625 0.06851851851851852
1 0.6263020833333334 0.25 0.016145833333333335 0.06481481481481481
1 0.62734375 0.32916666666666666 0.016145833333333335 0.06388888888888888
1 0.5307291666666667 0.32916666666666666 0.015625 0.062037037037037036
1 0.4328125 0.3282407407407407 0.016666666666666666 0.06018518518518518
1 0.33307291666666666 0.43148148148148147 0.018229166666666668 0.1111111111111111
1 0.3958333333333333 0.43287037037037035 0.015625 0.10833333333333334
1 0.4622395833333333 0.43425925925925923 0.015104166666666667 0.1111111111111111
1 0.5296875 0.4361111111111111 0.01875 0.10925925925925926
1 0.5932291666666667 0.43472222222222223 0.015625 0.10648148148148148
1 0.6171875 0.5254629629629629 0.014583333333333334 0.09537037037037037
1 0.55078125 0.5263888888888889 0.015104166666666667 0.09907407407407408
1 0.48333333333333334 0.5259259259259259 0.017708333333333333 0.09814814814814815
1 0.41484375 0.524537037037037 0.0171875 0.09351851851851851
1 0.3489583333333333 0.5222222222222223 0.017708333333333333 0.09074074074074075
1 0.42109375 0.6305555555555555 0.0171875 0.11851851851851852
1 0.5265625 0.6310185185185185 0.016666666666666666 0.11944444444444445
1 0.6322916666666667 0.6310185185185185 0.017708333333333333 0.11944444444444445
1 0.5010416666666667 0.7356481481481482 0.017708333333333333 0.11574074074074074
1 0.3645833333333333 0.7342592592592593 0.017708333333333333 0.11851851851851852
1 0.5020833333333333 0.8245370370370371 0.021875 0.05092592592592592
