1 0.5151041666666667 0.17546296296296296 0.015625 0.09907407407407408
1 0.5059895833333333 0.24953703703703703 0.0140625 0.06574074074074074
1 0.6263020833333334 0.25 0.015104166666666667 0.06481481481481481
1 0.5799479166666667 0.32685185185185184 0.0140625 0.05185185185185185
1 0.48098958333333336 0.3300925925925926 0.0140625 0.05092592592592592
1 0.38515625 0.3277777777777778 0.016145833333333335 0.05555555555555555
1 0.32135416666666666 0.4287037037037037 0.016666666666666666 0.1
1 0.38645833333333335 0.43148148148148147 0.017708333333333333 0.10185185185185185
1 0.45208333333333334 0.4305555555555556 0.015625 0.10185185185185185
1 0.5177083333333333 0.4300925925925926 0.014583333333333334 0.10277777777777777
1 0.5817708333333333 0.43194444444444446 0.014583333333333334 0.10092592592592593
1 0.59296875 0.5231481481481481 0.0140625 0.08703703703703704
1 0.5270833333333333 0.5226851851851851 0.016666666666666666 0.08611111111111111
1 0.4588541666666667 0.5226851851851851 0.015625 0.08796296296296297
1 0.3919270833333333 0.5203703703703704 0.016145833333333335 0.08333333333333333
1 0.32473958333333336 0.5217592592592593 0.019270833333333334 0.08055555555555556
1 0.421875 0.6287037037037037 0.016666666666666666 0.11851851851851852
1 0.5270833333333333 0.6314814814814815 0.017708333333333333 0.11666666666666667
1 0.6325520833333333 0.6319444444444444 0.018229166666666668 0.11944444444444445
1 0.5 0.7347222222222223 0.017708333333333333 0.1175925925925926
1 0.3651041666666667 0.7342592592592593 0.017708333333333333 0.11666666666666667
1 0.503125 0.8296296296296296 0.020833333333333332 0.05555555555555555
