0 0.5692708333333333 0.7837962962962963 0.020833333333333332 0.041666666666666664
1 0.47161458333333334 0.175 0.015104166666666667 0.10185185185185185
1 0.43385416666666665 0.24953703703703703 0.016666666666666666 0.06944444444444445
1 0.553125 0.24953703703703703 0.015625 0.06759259259259259
1 0.43333333333333335 0.33101851851851855 0.016666666666666666 0.062037037037037036
1 0.5302083333333333 0.33240740740740743 0.015625 0.06666666666666667
1 0.6278645833333333 0.33287037037037037 0.015104166666666667 0.06574074074074074
1 0.60078125 0.42824074074074076 0.016145833333333335 0.0787037037037037
1 0.53515625 0.42824074074074076 0.0171875 0.0787037037037037
1 0.46953125 0.42777777777777776 0.016145833333333335 0.07962962962962963
1 0.4036458333333333 0.42685185185185187 0.017708333333333333 0.07777777777777778
1 0.33958333333333335 0.425462962962963 0.017708333333333333 0.075
1 0.34817708333333336 0.5263888888888889 0.0171875 0.10648148148148148
1 0.41328125 0.5273148148148148 0.015104166666666667 0.10092592592592593
1 0.48151041666666666 0.5254629629629629 0.016145833333333335 0.09722222222222222
1 0.5494791666666666 0.5277777777777778 0.017708333333333333 0.1037037037037037
1 0.6161458333333333 0.5287037037037037 0.016666666666666666 0.10185185185185185
1 0.5760416666666667 0.6222222222222222 0.015625 0.07777777777777778
1 0.47265625 0.6240740740740741 0.019270833333333334 0.07592592592592592
1 0.36692708333333335 0.6203703703703703 0.018229166666666668 0.07777777777777778
1 0.4557291666666667 0.7273148148148149 0.01875 0.07314814814814814
1 0.5924479166666666 0.7263888888888889 0.016145833333333335 0.08055555555555556
1 0.4947916666666667 0.8328703703703704 0.01875 0.08055555555555556
