0 0.30833333333333335 0.7759259259259259 0.020833333333333332 0.03888888888888889
1 0.4661458333333333 0.175 0.015625 0.1037037037037037
1 0.43671875 0.25092592592592594 0.016145833333333335 0.07037037037037037
1 0.5567708333333333 0.24953703703703703 0.014583333333333334 0.06759259259259259
1 0.5072916666666667 0.33287037037037037 0.016666666666666666 0.0712962962962963
1 0.40963541666666664 0.33240740740740743 0.018229166666666668 0.07222222222222222
1 0.3138020833333333 0.33194444444444443 0.018229166666666668 0.06944444444444445
1 0.31953125 0.42592592592592593 0.019270833333333334 0.07962962962962963
1 0.3841145833333333 0.42685185185185187 0.016145833333333335 0.07962962962962963
1 0.44947916666666665 0.4263888888888889 0.017708333333333333 0.0787037037037037
1 0.5140625 0.4273148148148148 0.015625 0.08055555555555556
1 0.58125 0.42453703703703705 0.016666666666666666 0.07685185185185185
1 0.30078125 0.5254629629629629 0.0171875 0.09907407407407408
1 0.36822916666666666 0.524537037037037 0.017708333333333333 0.09351851851851851
1 0.43697916666666664 0.524537037037037 0.017708333333333333 0.09722222222222222
1 0.5028645833333333 0.5273148148148148 0.015104166666666667 0.09537037037037037
1 0.5692708333333333 0.5259259259259259 0.015625 0.0962962962962963
1 0.5020833333333333 0.6231481481481481 0.015625 0.08518518518518518
1 0.3963541666666667 0.6217592592592592 0.01875 0.08425925925925926
1 0.2911458333333333 0.6212962962962963 0.019791666666666666 0.08148148148148149
1 0.2859375 0.7291666666666666 0.01875 0.10092592592592593
1 0.42239583333333336 0.7310185185185185 0.01875 0.09907407407407408
1 0.4591145833333333 0.8287037037037037 0.019270833333333334 0.05555555555555555
