0 0.31145833333333334 0.7842592592592592 0.021875 0.040740740740740744
1 0.4666666666666667 0.1763888888888889 0.015625 0.10277777777777777
1 0.4395833333333333 0.24861111111111112 0.016666666666666666 0.06574074074074074
1 0.559375 0.2490740740740741 0.014583333333333334 0.06296296296296296
1 0.50703125 0.33101851851851855 0.018229166666666668 0.06388888888888888
1 0.41067708333333336 0.3314814814814815 0.018229166666666668 0.06481481481481481
1 0.3140625 0.3300925925925926 0.019791666666666666 0.06388888888888888
1 0.31276041666666665 0.43287037037037035 0.019270833333333334 0.11388888888888889
1 0.3768229166666667 0.43148148148148147 0.016145833333333335 0.1111111111111111
1 0.44244791666666666 0.43194444444444446 0.016145833333333335 0.11018518518518519
1 0.5083333333333333 0.4351851851851852 0.014583333333333334 0.10740740740740741
1 0.5744791666666667 0.43333333333333335 0.014583333333333334 0.10925925925925926
1 0.2989583333333333 0.5254629629629629 0.017708333333333333 0.09537037037037037
1 0.3651041666666667 0.5259259259259259 0.016666666666666666 0.09444444444444444
1 0.43307291666666664 0.5259259259259259 0.0171875 0.09444444444444444
1 0.50078125 0.5263888888888889 0.0171875 0.09166666666666666
1 0.5666666666666667 0.5277777777777778 0.015625 0.09444444444444444
1 0.3182291666666667 0.624537037037037 0.013541666666666667 0.08981481481481482
1 0.421875 0.6240740740740741 0.01875 0.09444444444444444
1 0.5265625 0.6291666666666667 0.014583333333333334 0.10648148148148148
1 0.2890625 0.7337962962962963 0.016666666666666666 0.10833333333333334
1 0.42526041666666664 0.7342592592592593 0.016145833333333335 0.1111111111111111
1 0.4234375 0.8282407407407407 0.021875 0.058333333333333334
