0 0.31197916666666664 0.7828703703703703 0.020833333333333332 0.03981481481481482
1 0.47161458333333334 0.17592592592592593 0.015104166666666667 0.1037037037037037
1 0.4471354166666667 0.24675925925925926 0.016145833333333335 0.062037037037037036
1 0.56640625 0.24814814814814815 0.018229166666666668 0.05925925925925926
1 0.50625 0.33240740740740743 0.016666666666666666 0.06481481481481481
1 0.409375 0.33194444444444443 0.01875 0.0712962962962963
1 0.31328125 0.33055555555555555 0.019270833333333334 0.06851851851851852
1 0.32369791666666664 0.4273148148148148 0.018229166666666668 0.08611111111111111
1 0.3885416666666667 0.42685185185185187 0.017708333333333333 0.08703703703703704
1 0.45390625 0.4273148148148148 0.0140625 0.08055555555555556
1 0.5184895833333333 0.42777777777777776 0.016145833333333335 0.08148148148148149
1 0.5848958333333333 0.42916666666666664 0.016666666666666666 0.08796296296296297
1 0.5674479166666667 0.5282407407407408 0.016145833333333335 0.10648148148148148
1 0.5 0.5263888888888889 0.016666666666666666 0.10462962962962963
1 0.43333333333333335 0.5277777777777778 0.017708333333333333 0.10555555555555556
1 0.3658854166666667 0.5273148148148148 0.018229166666666668 0.10462962962962963
1 0.29921875 0.5259259259259259 0.016145833333333335 0.10555555555555556
1 0.3997395833333333 0.6180555555555556 0.016145833333333335 0.07314814814814814
1 0.5052083333333334 0.6212962962962963 0.01875 0.07407407407407407
1 0.6109375 0.625462962962963 0.015625 0.0824074074074074
1 0.4270833333333333 0.7342592592592593 0.01875 0.11296296296296296
1 0.29192708333333334 0.7328703703703704 0.019270833333333334 0.11203703703703703
1 0.40729166666666666 0.8300925925925926 0.019791666666666666 0.05277777777777778
