0 0.3111979166666667 0.7833333333333333 0.0203125 0.04259259259259259
1 0.46979166666666666 0.175 0.015625 0.10185185185185185
1 0.446875 0.24861111111111112 0.015625 0.06388888888888888
1 0.5671875 0.2490740740740741 0.015625 0.06666666666666667
1 0.5533854166666666 0.33101851851851855 0.015104166666666667 0.06018518518518518
1 0.4557291666666667 0.3296296296296296 0.015625 0.06481481481481481
1 0.35885416666666664 0.3296296296296296 0.017708333333333333 0.06111111111111111
1 0.35703125 0.425 0.018229166666666668 0.07592592592592592
1 0.42083333333333334 0.42592592592592593 0.016666666666666666 0.07407407407407407
1 0.48723958333333334 0.4263888888888889 0.0140625 0.075
1 0.5526041666666667 0.4273148148148148 0.015625 0.0712962962962963
1 0.61796875 0.4263888888888889 0.015104166666666667 0.0712962962962963
1 0.5669270833333333 0.5291666666666667 0.016145833333333335 0.11018518518518519
1 0.50078125 0.5282407407407408 0.016145833333333335 0.10833333333333334
1 0.43307291666666664 0.5282407407407408 0.0171875 0.10833333333333334
1 0.3658854166666667 0.5273148148148148 0.018229166666666668 0.10833333333333334
1 0.2989583333333333 0.5273148148148148 0.015625 0.11018518518518519
1 0.37265625 0.6189814814814815 0.0171875 0.0787037037037037
1 0.4778645833333333 0.6217592592592592 0.016145833333333335 0.0787037037037037
1 0.5828125 0.6231481481481481 0.016666666666666666 0.07962962962962963
1 0.4270833333333333 0.7342592592592593 0.017708333333333333 0.11296296296296296
1 0.2911458333333333 0.7328703703703704 0.01875 0.11203703703703703
1 0.40729166666666666 0.8282407407407407 0.020833333333333332 0.05648148148148148
