0 0.31197916666666664 0.7842592592592592 0.021875 0.046296296296296294
1 0.4705729166666667 0.1763888888888889 0.015104166666666667 0.10277777777777777
1 0.4479166666666667 0.24861111111111112 0.017708333333333333 0.06388888888888888
1 0.5661458333333333 0.24814814814814815 0.013541666666666667 0.06296296296296296
1 0.5544270833333333 0.3314814814814815 0.0171875 0.06296296296296296
1 0.45598958333333334 0.3287037037037037 0.018229166666666668 0.06481481481481481
1 0.35885416666666664 0.3300925925925926 0.016666666666666666 0.06018518518518518
1 0.3190104166666667 0.42314814814814816 0.018229166666666668 0.06111111111111111
1 0.3828125 0.42407407407407405 0.017708333333333333 0.05925925925925926
1 0.44869791666666664 0.42314814814814816 0.0171875 0.06296296296296296
1 0.5135416666666667 0.42268518518518516 0.016666666666666666 0.06018518518518518
1 0.5791666666666667 0.42592592592592593 0.016666666666666666 0.06111111111111111
1 0.5674479166666667 0.5291666666666667 0.018229166666666668 0.10833333333333334
1 0.5002604166666667 0.5287037037037037 0.0171875 0.10740740740740741
1 0.4322916666666667 0.5287037037037037 0.014583333333333334 0.10740740740740741
1 0.365625 0.5282407407407408 0.016666666666666666 0.11018518518518519
1 0.29921875 0.5273148148148148 0.016145833333333335 0.10648148148148148
1 0.29270833333333335 0.6171296296296296 0.020833333333333332 0.06388888888888888
1 0.39739583333333334 0.6189814814814815 0.01875 0.06388888888888888
1 0.50234375 0.6194444444444445 0.0171875 0.06666666666666667
1 0.2911458333333333 0.7337962962962963 0.01875 0.11203703703703703
1 0.4270833333333333 0.7347222222222223 0.016666666666666666 0.11388888888888889
1 0.40677083333333336 0.8282407407407407 0.019791666666666666 0.05277777777777778
