1 0.5153645833333333 0.17314814814814813 0.015104166666666667 0.08518518518518518
1 0.49244791666666665 0.24953703703703703 0.0140625 0.08981481481481482
1 0.6130208333333333 0.25972222222222224 0.015625 0.10648148148148148
0 0.6041666666666666 0.29583333333333334 0.009375 0.030555555555555555
1 0.5963541666666666 0.3398148148148148 0.014583333333333334 0.08703703703703704
1 0.5002604166666667 0.3384259259259259 0.015104166666666667 0.09166666666666666
1 0.40260416666666665 0.33796296296296297 0.016666666666666666 0.08703703703703704
1 0.3375 0.41898148148148145 0.016666666666666666 0.03611111111111111
1 0.4010416666666667 0.4212962962962963 0.016666666666666666 0.03888888888888889
1 0.4669270833333333 0.4199074074074074 0.015104166666666667 0.03611111111111111
1 0.53203125 0.4199074074074074 0.0171875 0.03611111111111111
1 0.5981770833333333 0.4222222222222222 0.016145833333333335 0.03888888888888889
1 0.3494791666666667 0.5189814814814815 0.017708333333333333 0.0787037037037037
1 0.4166666666666667 0.5203703703703704 0.017708333333333333 0.07777777777777778
1 0.48359375 0.5203703703703704 0.019270833333333334 0.07777777777777778
1 0.5518229166666667 0.5199074074074074 0.018229166666666668 0.0824074074074074
1 0.6174479166666667 0.5208333333333334 0.015104166666666667 0.0787037037037037
1 0.6161458333333333 0.6305555555555555 0.016666666666666666 0.12222222222222222
1 0.5104166666666666 0.6324074074074074 0.016666666666666666 0.11666666666666667
1 0.40520833333333334 0.6296296296296297 0.016666666666666666 0.11851851851851852
1 0.35390625 0.7185185185185186 0.019270833333333334 0.05925925925925926
1 0.4895833333333333 0.7189814814814814 0.016666666666666666 0.062037037037037036
1 0.44114583333333335 0.8277777777777777 0.016666666666666666 0.040740740740740744
