1 0.5151041666666667 0.17222222222222222 0.015625 0.08518518518518518
1 0.4484375 0.2523148148148148 0.014583333333333334 0.09166666666666666
1 0.5690104166666666 0.2574074074074074 0.015104166666666667 0.10185185185185185
1 0.55234375 0.3416666666666667 0.016145833333333335 0.09444444444444444
1 0.45364583333333336 0.3425925925925926 0.017708333333333333 0.09259259259259259
1 0.35703125 0.34120370370370373 0.0140625 0.09351851851851851
1 0.36223958333333334 0.4199074074074074 0.018229166666666668 0.062037037037037036
1 0.4265625 0.41944444444444445 0.017708333333333333 0.06296296296296296
1 0.49192708333333335 0.4199074074074074 0.016145833333333335 0.06388888888888888
1 0.5578125 0.41944444444444445 0.016666666666666666 0.06296296296296296
1 0.6234375 0.4199074074074074 0.015625 0.06388888888888888
1 0.5921875 0.5162037037037037 0.011458333333333333 0.06574074074074074
1 0.5270833333333333 0.5166666666666667 0.014583333333333334 0.06666666666666667
1 0.45807291666666666 0.5208333333333334 0.016145833333333335 0.06388888888888888
1 0.39088541666666665 0.5157407407407407 0.0171875 0.06296296296296296
1 0.325 0.5162037037037037 0.019791666666666666 0.06759259259259259
1 0.42135416666666664 0.6282407407407408 0.017708333333333333 0.11944444444444445
1 0.5263020833333333 0.6300925925925925 0.0171875 0.12129629629629629
1 0.63203125 0.6305555555555555 0.016145833333333335 0.11851851851851852
1 0.56640625 0.7171296296296297 0.0171875 0.05092592592592592
1 0.43072916666666666 0.7166666666666667 0.01875 0.053703703703703705
1 0.4747395833333333 0.8273148148148148 0.019270833333333334 0.04722222222222222
0 0.6046875 0.2847222222222222 0.017708333333333333 0.03611111111111111
