1 0.51484375 0.17083333333333334 0.016145833333333335 0.08611111111111111
1 0.4856770833333333 0.2513888888888889 0.0171875 0.0787037037037037
1 0.6052083333333333 0.2513888888888889 0.014583333333333334 0.08055555555555556
0 0.5830729166666667 0.287962962962963 0.0171875 0.03518518518518519
1 0.5208333333333334 0.34074074074074073 0.014583333333333334 0.09074074074074075
1 0.4234375 0.3388888888888889 0.016666666666666666 0.09074074074074075
1 0.3265625 0.3384259259259259 0.017708333333333333 0.08796296296296297
1 0.36328125 0.41898148148148145 0.0171875 0.05462962962962963
1 0.4270833333333333 0.41944444444444445 0.017708333333333333 0.05925925925925926
1 0.49244791666666665 0.4212962962962963 0.015104166666666667 0.05925925925925926
1 0.5583333333333333 0.42083333333333334 0.017708333333333333 0.06018518518518518
1 0.6236979166666666 0.41944444444444445 0.0171875 0.05925925925925926
1 0.61796875 0.5125 0.015104166666666667 0.04722222222222222
1 0.5520833333333334 0.5115740740740741 0.016666666666666666 0.04351851851851852
1 0.48463541666666665 0.5125 0.016145833333333335 0.041666666666666664
1 0.41640625 0.5115740740740741 0.018229166666666668 0.04537037037037037
1 0.3494791666666667 0.5101851851851852 0.016666666666666666 0.04259259259259259
1 0.42109375 0.6296296296296297 0.0171875 0.11666666666666667
1 0.5265625 0.6310185185185185 0.016666666666666666 0.11944444444444445
1 0.6322916666666667 0.6328703703703704 0.017708333333333333 0.11944444444444445
1 0.5658854166666667 0.7180555555555556 0.018229166666666668 0.05462962962962963
1 0.42994791666666665 0.7185185185185186 0.0171875 0.05555555555555555
1 0.47109375 0.825462962962963 0.018229166666666668 0.04722222222222222
