0 0.5838541666666667 0.2833333333333333 0.017708333333333333 0.03518518518518519
1 0.5018229166666667 0.1736111111111111 0.015104166666666667 0.08981481481481482
1 0.48463541666666665 0.24953703703703703 0.016145833333333335 0.0712962962962963
1 0.60390625 0.25 0.0140625 0.07037037037037037
1 0.48671875 0.3398148148148148 0.009895833333333333 0.08518518518518518
1 0.39088541666666665 0.33796296296296297 0.011979166666666667 0.08518518518518518
1 0.36692708333333335 0.4166666666666667 0.015104166666666667 0.07037037037037037
1 0.5841145833333333 0.3398148148148148 0.011979166666666667 0.08703703703703704
1 0.62890625 0.41759259259259257 0.0171875 0.07407407407407407
1 0.5640625 0.41759259259259257 0.016666666666666666 0.07222222222222222
1 0.4984375 0.41712962962962963 0.015625 0.07314814814814814
1 0.43307291666666664 0.4162037037037037 0.015104166666666667 0.06944444444444445
1 0.3338541666666667 0.5189814814814815 0.016666666666666666 0.075
1 0.40130208333333334 0.5180555555555556 0.016145833333333335 0.07314814814814814
1 0.46770833333333334 0.5203703703703704 0.015625 0.07037037037037037
1 0.53515625 0.5180555555555556 0.018229166666666668 0.075
1 0.6020833333333333 0.5203703703703704 0.015625 0.07407407407407407
1 0.6317708333333333 0.6300925925925925 0.016666666666666666 0.11574074074074074
1 0.52578125 0.6296296296296297 0.0171875 0.11851851851851852
1 0.42135416666666664 0.6287037037037037 0.017708333333333333 0.11666666666666667
1 0.43020833333333336 0.7175925925925926 0.016666666666666666 0.053703703703703705
1 0.5666666666666667 0.7185185185185186 0.016666666666666666 0.053703703703703705
1 0.4703125 0.8268518518518518 0.01875 0.04814814814814815
