1 0.08151041666666667 0.34953703703703703 0.0484375 0.06574074074074074
1 0.24401041666666667 0.1574074074074074 0.08489583333333334 0.09444444444444444
1 0.22994791666666667 0.5097222222222222 0.09322916666666667 0.08055555555555556
1 0.2171875 0.8875 0.09791666666666667 0.0712962962962963
0 0.19947916666666668 0.5162037037037037 0.035416666666666666 0.06944444444444445
1 0.42578125 0.12175925925925926 0.0921875 0.09907407407407408
1 0.42135416666666664 0.35 0.09479166666666666 0.08518518518518518
1 0.4158854166666667 0.5921296296296297 0.09739583333333333 0.0824074074074074
1 0.41171875 0.8388888888888889 0.1015625 0.07777777777777778
1 0.5703125 0.8449074074074074 0.09895833333333333 0.075
1 0.5721354166666667 0.5958333333333333 0.09322916666666667 0.08055555555555556
1 0.57421875 0.3541666666666667 0.0953125 0.08611111111111111
1 0.5723958333333333 0.1310185185185185 0.08854166666666667 0.10462962962962963
1 0.76640625 0.16574074074074074 0.1234375 0.07222222222222222
1 0.76796875 0.524074074074074 0.13072916666666667 0.06481481481481481
1 0.77265625 0.9111111111111111 0.1328125 0.07592592592592592
1 0.9208333333333333 0.5189814814814815 0.07083333333333333 0.09351851851851851
